100
a1
b1
c1
d1
e1
f1
g1
h1
i1
j1
a10
b10
c10
d10
e10
f10
g10
h10
i10
j10
a100
b100
c100
d100
e100
f100
g100
h100
i100
j100
a1000
b1000
c1000
d1000
e1000
f1000
g1000
h1000
i1000
j1000
a10000
b10000
c10000
d10000
e10000
f10000
g10000
h10000
i10000
j10000
a100000
b100000
c100000
d100000
e100000
f100000
g100000
h100000
i100000
j100000
a1000000
b1000000
c1000000
d1000000
e1000000
f1000000
g1000000
h1000000
i1000000
j1000000
a10000000
b10000000
c10000000
d10000000
e10000000
f10000000
g10000000
h10000000
i10000000
j10000000
a100000000
b100000000
c100000000
d100000000
e100000000
f100000000
g100000000
h100000000
i100000000
j100000000
a1000000000
b1000000000
c1000000000
d1000000000
e1000000000
f1000000000
g1000000000
h1000000000
i1000000000
j1000000000
9999
91	14	75
30	21	29
86	63	84
10	82	76
14	63	16
74	91	28
53	21	66
17	53	11
56	32	41
99	32	45
6	44	42
26	90	81
35	11	96
11	15	66
25	88	43
70	96	25
75	13	26
91	17	12
62	39	8
7	10	23
50	48	65
22	2	41
41	6	40
99	90	69
77	75	2
51	10	40
75	26	88
87	40	5
78	36	91
0	41	88
32	66	16
60	59	16
81	78	0
32	66	80
69	95	2
71	59	49
28	11	16
43	62	33
62	26	74
17	7	45
53	40	28
77	2	83
18	21	25
50	58	67
73	58	7
6	99	5
70	20	30
33	89	64
64	39	50
64	1	8
67	70	37
5	40	70
99	21	28
41	12	4
46	26	25
54	10	84
11	18	90
53	34	10
64	57	20
12	62	24
12	31	55
85	9	65
52	76	50
67	93	44
50	94	56
43	34	71
96	58	50
58	44	98
3	83	52
99	45	38
9	51	50
91	84	99
20	86	42
23	27	53
62	5	28
21	29	65
97	34	87
89	28	62
33	44	88
7	72	52
7	47	66
80	73	24
90	69	16
31	76	68
36	49	98
52	70	29
75	54	0
3	65	83
52	81	87
95	58	37
67	27	77
63	54	78
30	45	28
69	35	60
64	43	27
42	28	83
30	64	70
58	38	58
36	3	11
16	53	94
10	22	85
91	28	36
6	82	44
30	14	47
85	12	68
23	70	85
20	31	19
12	90	67
86	73	77
8	86	35
71	65	69
70	8	96
84	4	91
67	95	51
23	42	38
48	91	73
27	26	39
55	22	75
93	50	0
28	69	41
6	7	62
90	14	2
34	57	89
12	5	21
39	0	59
75	74	36
83	11	51
14	27	6
36	34	86
85	84	20
41	16	69
93	28	51
79	10	52
45	50	27
33	61	23
32	76	61
38	47	96
5	22	55
75	11	61
66	57	2
33	23	17
11	72	6
36	54	37
99	16	5
69	49	82
15	97	21
72	79	6
48	63	50
16	43	32
45	51	20
96	63	55
71	36	16
31	8	96
37	47	38
9	87	42
9	76	1
68	32	44
33	65	25
96	25	51
33	84	28
93	22	50
19	1	50
42	15	78
62	30	21
67	60	73
71	59	64
19	79	63
98	79	42
22	21	12
38	93	37
93	50	95
62	35	23
21	96	65
17	58	80
57	99	28
10	9	57
63	7	45
60	74	38
53	46	85
80	71	40
41	32	85
23	51	68
20	82	72
10	67	81
17	82	43
8	19	12
62	41	28
90	14	73
24	9	0
58	12	42
85	31	18
46	67	29
3	76	28
6	51	49
8	79	48
67	84	79
52	59	4
57	21	9
37	49	28
82	38	72
65	40	86
3	8	16
60	45	77
33	71	13
87	9	26
2	82	61
93	96	6
27	49	68
9	91	93
35	91	16
22	63	22
57	19	3
70	35	12
99	92	14
5	6	5
32	30	43
10	84	40
94	11	83
15	51	8
24	74	12
26	75	23
91	45	43
35	83	1
44	86	0
61	5	77
92	67	92
36	60	44
19	94	60
50	35	36
0	90	13
6	66	62
78	24	55
90	50	40
86	13	1
18	8	93
69	98	23
68	51	72
28	98	15
70	88	52
9	86	92
10	37	12
93	74	50
0	23	71
98	16	61
21	93	66
67	28	37
64	84	22
5	14	15
51	11	52
77	26	28
50	79	43
13	16	67
16	5	95
36	79	81
76	29	80
36	92	13
66	52	35
57	14	75
77	36	56
65	96	26
35	96	58
77	9	77
90	27	21
8	38	91
43	16	15
44	36	13
50	73	1
73	81	89
87	4	42
25	65	80
13	3	3
56	46	98
84	6	78
87	12	65
53	35	61
18	90	87
63	98	27
99	71	80
70	23	69
21	74	40
57	75	95
83	36	64
4	77	86
20	91	66
75	66	18
1	90	96
49	47	59
52	36	20
98	83	17
37	24	37
7	93	69
82	35	77
59	11	4
37	66	66
99	88	40
7	0	38
76	4	4
60	78	47
11	12	16
93	23	29
83	93	25
28	79	58
41	69	88
75	11	52
78	89	52
87	3	23
2	69	53
96	14	97
29	46	6
8	57	79
0	69	76
81	56	64
6	47	21
76	24	44
60	49	19
30	17	44
89	97	60
98	56	3
18	89	20
72	96	55
93	24	38
76	20	30
76	74	86
43	40	69
31	66	47
52	67	93
82	39	44
79	68	59
70	71	3
39	38	26
22	69	21
29	54	89
99	95	31
88	9	57
77	21	36
91	7	89
57	48	11
31	6	58
94	75	61
64	82	21
44	22	51
10	73	20
71	1	99
42	21	70
23	3	33
43	14	85
16	48	41
32	75	35
60	51	60
70	70	30
63	25	80
57	25	15
22	77	12
8	20	64
56	81	80
62	15	19
81	63	36
35	18	82
3	7	57
29	58	15
27	4	81
38	99	17
7	53	45
80	68	79
49	46	8
52	82	21
19	0	4
12	47	51
45	1	76
9	12	30
4	79	87
67	21	70
77	57	75
97	22	91
45	20	17
55	80	10
88	2	81
98	27	91
29	94	74
23	7	58
45	35	95
60	41	54
79	14	99
81	23	94
66	59	68
0	42	21
97	46	37
65	91	79
70	23	7
40	94	53
35	83	35
98	37	37
14	86	57
67	5	43
58	45	57
71	54	91
46	43	88
45	44	90
71	68	43
11	28	29
3	76	38
17	19	69
39	33	90
46	83	24
76	36	57
0	66	75
55	36	5
0	20	31
1	19	73
21	88	61
89	82	46
48	78	98
8	84	70
15	30	17
53	44	35
17	21	1
13	14	70
15	17	63
50	95	26
48	20	98
71	79	89
38	70	33
25	90	64
4	4	62
10	97	21
91	89	37
86	47	98
80	15	67
47	20	78
66	98	30
22	99	95
96	34	13
58	51	81
93	80	68
78	67	14
33	73	18
5	37	84
45	80	24
68	46	65
5	53	88
15	15	72
88	89	53
30	64	27
91	48	92
26	69	95
71	59	77
45	92	67
69	66	71
14	94	33
1	15	80
28	51	30
89	35	21
43	57	36
37	82	13
96	35	52
93	75	10
93	97	36
72	81	41
33	22	37
47	74	59
13	92	78
41	94	43
59	34	89
48	45	71
2	69	14
93	53	37
27	43	91
10	89	32
2	69	48
20	88	46
50	39	88
80	95	39
21	9	30
9	73	46
63	50	43
50	6	58
80	68	8
78	55	38
75	83	18
35	32	15
50	14	60
45	66	31
63	18	55
28	72	48
8	74	33
59	7	75
78	30	31
61	90	61
1	37	70
99	89	25
7	40	61
93	58	4
21	73	90
33	2	66
69	77	24
89	12	81
61	12	2
26	33	28
31	45	79
28	52	28
8	57	71
19	70	72
23	49	9
31	55	64
85	71	31
58	85	30
43	32	51
30	68	15
19	36	46
79	71	37
98	82	14
38	69	51
74	61	85
7	39	16
76	35	34
12	41	29
54	83	22
98	52	90
41	85	84
69	58	96
12	10	57
45	70	49
93	80	28
89	28	80
36	64	16
85	44	87
47	90	0
26	94	68
50	68	17
5	56	83
1	19	16
91	21	3
0	9	84
25	51	54
16	14	38
64	80	86
83	8	32
44	74	56
66	18	49
78	75	31
49	6	75
32	92	33
94	69	17
50	83	52
80	72	22
1	61	67
84	41	71
8	19	40
61	90	72
24	76	90
31	99	24
51	34	36
82	21	59
99	63	43
72	54	33
77	85	81
56	52	68
85	24	32
35	51	31
39	30	64
54	64	47
0	24	6
37	92	9
88	76	87
97	58	3
56	72	36
62	96	51
81	25	79
16	92	63
85	87	78
13	32	40
10	74	22
70	66	95
47	15	66
43	72	38
5	65	75
47	86	17
86	70	45
80	84	66
81	69	79
70	50	71
40	68	29
53	77	4
59	87	32
74	39	5
58	19	34
59	48	2
87	56	96
39	47	91
2	69	79
65	40	83
18	59	86
95	83	58
32	73	48
9	4	23
31	26	72
3	42	92
37	25	4
7	76	86
83	4	2
64	56	31
86	26	75
92	59	74
84	68	96
60	21	22
8	79	63
83	76	30
80	27	87
8	50	88
2	39	2
77	18	47
77	79	61
54	50	31
14	27	59
87	6	83
76	21	61
34	4	28
74	76	82
83	85	30
77	95	22
49	60	13
90	87	38
31	0	93
36	21	55
4	53	86
22	64	81
13	57	50
9	57	48
39	70	81
17	14	84
31	7	95
50	43	36
65	77	73
60	37	37
12	30	12
19	60	74
55	47	66
86	85	81
22	27	43
75	78	61
81	16	25
0	31	8
99	85	57
73	20	71
12	21	18
74	48	56
87	34	99
82	63	88
48	30	7
60	99	36
6	51	60
69	71	44
23	88	94
23	11	24
1	84	65
5	40	49
46	30	14
37	46	47
13	52	45
13	60	61
21	96	90
54	43	61
89	31	91
63	53	74
92	66	45
73	45	37
98	43	80
51	29	81
9	11	65
50	21	42
95	7	88
2	93	23
22	82	20
78	55	25
83	80	91
65	74	21
69	82	80
56	85	18
68	28	87
56	8	10
67	10	0
75	58	9
46	19	69
89	86	66
77	61	11
59	83	58
72	23	74
78	84	87
50	32	13
89	54	58
41	56	47
23	51	36
41	1	83
3	66	28
41	7	32
82	98	86
3	67	95
79	35	84
51	40	20
71	89	32
37	0	45
69	90	7
20	97	38
70	35	20
91	7	94
33	73	86
91	46	71
99	72	96
71	25	29
74	79	8
77	93	98
10	40	98
97	29	12
92	11	25
10	0	75
46	66	41
89	19	10
56	53	90
99	84	96
5	53	94
15	20	47
8	43	48
56	86	25
35	33	44
54	83	90
68	38	1
50	70	85
29	70	10
6	15	18
2	14	82
8	56	79
65	70	3
68	7	42
15	11	64
22	45	1
56	31	24
36	10	74
14	20	96
60	19	9
27	24	26
21	29	14
41	17	47
4	56	13
10	74	29
78	63	58
15	14	63
1	33	85
39	35	59
25	69	37
10	48	28
91	2	96
32	80	15
31	88	40
42	27	22
74	22	94
52	74	45
78	96	66
11	8	58
43	78	41
53	63	94
16	22	25
4	89	54
41	65	26
78	80	34
43	93	5
18	61	60
60	9	65
44	57	22
64	21	98
20	86	7
82	6	87
4	22	72
23	96	27
77	54	18
39	26	46
22	84	6
33	48	77
44	28	56
41	69	76
13	8	59
1	73	1
39	43	99
81	65	66
61	23	62
70	71	48
94	90	76
3	60	1
79	37	76
87	25	25
37	58	49
10	5	22
21	19	53
99	73	91
15	28	41
65	48	48
92	86	82
63	72	6
22	72	6
5	96	13
25	9	63
38	4	1
95	43	14
33	27	46
0	27	17
49	22	16
74	29	31
99	5	12
85	94	49
60	48	36
60	65	86
99	36	12
58	68	6
80	37	56
75	25	67
21	3	73
3	63	75
80	49	1
48	88	87
94	37	40
40	22	68
77	37	73
25	17	7
70	71	9
33	76	18
30	26	80
39	23	64
59	22	0
33	38	17
3	57	58
95	92	44
49	35	27
76	90	49
34	77	45
2	24	61
28	95	71
98	61	89
12	85	82
37	59	27
25	67	11
84	8	78
41	93	24
12	84	75
66	27	40
88	27	6
60	43	95
33	71	79
84	48	16
87	13	66
50	8	45
6	6	62
5	45	69
90	91	65
51	54	74
90	8	24
61	81	90
18	35	20
39	95	92
55	92	25
68	16	47
92	16	26
68	57	13
57	40	41
65	86	47
85	6	48
80	92	66
88	82	57
23	12	52
88	84	46
53	33	52
93	36	90
36	91	53
31	63	4
42	91	68
65	54	32
39	80	84
98	82	71
79	87	59
15	24	80
97	84	56
44	68	1
11	46	27
9	10	27
32	95	55
68	71	89
85	73	87
82	81	51
74	79	18
82	93	1
95	75	85
29	53	59
93	45	64
7	5	71
62	24	67
2	65	51
54	96	76
98	78	95
12	19	14
37	57	21
19	85	2
60	71	7
24	56	59
84	93	5
93	33	27
52	17	16
27	66	68
55	86	68
87	77	55
68	30	98
88	56	91
19	72	37
29	80	34
71	24	65
88	77	55
55	49	40
79	61	70
10	14	95
70	67	78
27	86	77
74	7	8
28	58	89
38	16	2
34	67	6
10	1	29
92	74	38
70	24	30
9	76	1
4	98	54
8	92	40
84	56	64
72	75	84
13	88	33
15	59	61
27	36	53
74	86	47
74	42	72
23	6	71
79	21	53
87	63	54
46	39	0
65	98	51
14	73	11
29	80	66
93	36	45
39	69	57
92	11	33
23	21	85
34	25	75
25	28	46
51	17	87
94	33	63
99	3	80
92	47	90
33	2	59
37	81	66
14	68	14
60	54	84
96	22	14
47	56	90
22	55	74
48	93	37
31	19	77
57	39	34
77	16	27
97	18	88
7	91	67
71	23	20
34	46	97
82	34	74
82	76	74
33	78	57
15	83	93
56	73	94
32	82	84
49	44	4
76	73	83
75	69	60
20	11	72
79	22	20
42	72	59
81	91	81
39	74	41
84	62	90
60	55	40
43	14	73
80	66	57
85	84	77
85	86	49
95	7	84
27	65	62
15	90	11
36	54	11
87	69	78
47	21	36
12	14	58
40	74	75
78	30	31
24	58	23
65	56	30
1	60	5
22	87	69
40	45	60
91	95	85
84	21	30
45	34	1
52	17	84
52	56	90
44	58	60
20	37	51
46	76	15
70	67	58
52	51	52
1	28	44
1	66	64
52	58	21
18	41	59
8	43	86
55	71	47
65	41	37
22	92	60
60	78	44
70	57	19
76	7	72
66	98	8
76	41	51
68	2	4
31	35	51
8	94	77
24	47	93
57	71	86
1	65	64
40	62	17
95	49	98
61	29	85
38	19	26
10	59	62
32	57	2
76	96	5
7	51	6
78	80	32
61	51	17
52	49	65
92	44	83
73	80	86
99	9	6
90	52	42
49	71	32
36	11	3
17	79	95
25	73	80
61	83	91
90	96	41
43	85	62
8	64	11
46	51	35
80	51	88
57	94	37
20	67	94
23	33	40
83	30	80
78	67	87
61	47	15
62	12	84
98	69	53
56	84	16
98	84	17
93	60	63
49	94	48
2	84	3
17	68	51
35	10	76
43	32	54
0	73	79
24	7	5
79	20	3
22	28	82
86	42	43
40	79	78
87	33	23
26	92	93
61	14	49
67	27	2
72	15	44
12	99	95
26	47	85
9	46	52
96	43	80
36	77	1
85	32	38
18	49	23
64	77	98
81	20	88
60	24	66
68	78	59
1	69	86
6	38	84
69	67	37
20	33	56
74	72	58
29	91	47
84	58	23
17	46	38
65	93	19
82	66	11
60	44	61
90	62	67
53	53	68
89	15	18
78	33	11
47	50	28
90	98	41
55	56	18
93	79	52
49	41	50
39	32	49
43	4	22
6	22	13
63	60	19
78	57	28
49	71	4
34	22	26
30	76	28
95	96	11
20	87	62
13	14	11
1	59	1
63	18	4
97	86	9
79	31	90
61	84	99
61	60	51
96	21	24
1	31	20
71	74	34
92	54	93
47	36	50
13	47	0
71	96	79
51	38	85
97	67	27
25	44	61
45	38	61
40	36	79
96	91	36
82	11	63
12	40	17
56	65	0
13	80	59
36	44	57
36	80	82
30	57	73
9	53	72
84	36	46
90	59	95
70	68	41
80	8	20
87	60	52
50	28	68
66	9	5
84	41	11
95	87	81
32	26	2
14	99	39
65	21	1
46	22	18
55	25	48
89	82	74
16	69	0
16	84	4
20	97	84
31	83	21
18	91	54
25	41	93
93	91	78
32	59	11
35	55	40
99	46	57
66	59	35
20	91	41
3	27	54
19	26	90
53	68	81
15	6	48
70	90	56
83	97	90
42	27	71
17	68	44
12	72	30
85	21	79
77	22	86
20	98	19
5	30	82
76	35	8
59	85	66
12	97	24
57	68	1
8	45	40
47	6	29
52	18	79
40	14	38
69	72	35
57	33	37
10	80	26
63	95	5
1	55	29
73	69	83
32	89	50
41	28	72
19	53	81
44	66	11
61	11	62
49	80	76
9	62	1
51	36	25
82	29	94
54	86	39
17	75	98
95	18	37
88	97	99
23	57	1
61	44	54
81	41	39
81	93	58
38	34	39
96	50	35
68	59	47
53	66	94
55	41	53
60	36	67
77	7	47
88	70	26
65	37	55
40	77	38
12	64	28
91	88	36
1	31	59
51	85	59
29	43	95
7	57	17
93	61	4
10	2	85
8	65	12
90	32	49
49	32	66
14	92	91
44	59	54
61	65	43
56	7	23
67	0	83
0	15	29
68	96	25
58	23	63
53	53	1
31	19	32
32	31	22
70	47	28
24	40	96
99	17	72
12	79	71
39	56	4
60	31	28
94	24	8
53	90	38
46	22	40
47	24	55
67	27	39
9	2	48
67	16	94
67	44	53
19	16	25
48	95	47
66	61	62
37	52	48
32	23	0
4	58	81
28	78	58
59	60	99
85	18	1
64	26	92
14	0	43
59	61	81
23	76	33
35	64	39
45	91	79
15	74	87
47	82	84
75	68	74
9	83	95
68	29	37
84	96	78
90	98	61
59	19	88
24	89	61
27	52	73
97	17	4
16	22	47
39	38	83
30	78	0
12	13	77
99	40	61
20	82	69
5	70	17
14	62	15
51	74	75
97	77	30
26	8	17
8	44	37
34	49	30
44	98	54
70	26	77
87	24	3
60	37	54
9	12	80
23	78	99
69	20	4
12	93	80
63	93	81
8	88	0
58	39	27
88	7	68
91	24	59
56	39	22
47	52	89
41	58	6
36	22	41
43	83	95
42	74	21
81	14	88
75	93	28
99	91	85
20	68	99
63	19	75
83	31	59
30	94	96
6	44	79
14	38	33
98	81	46
20	47	69
96	16	52
73	61	98
9	48	71
23	42	93
7	85	44
89	2	45
39	19	59
76	26	32
89	44	54
91	83	27
9	97	38
66	97	80
86	17	68
3	60	5
84	61	84
98	35	34
47	41	45
68	42	53
75	36	67
59	63	62
23	64	29
98	68	50
97	75	64
26	56	14
74	0	79
56	58	42
11	90	21
65	61	46
27	32	29
61	39	98
94	61	45
75	67	98
20	51	32
14	26	4
97	59	45
75	11	83
89	55	90
21	53	44
79	69	66
77	37	51
40	40	98
68	25	58
34	24	85
58	26	44
34	51	81
72	17	7
47	15	26
76	34	73
83	5	25
90	63	0
42	56	30
32	15	38
9	69	54
60	86	39
36	51	28
96	3	49
53	11	41
14	88	18
36	87	90
9	69	56
20	15	71
54	41	33
33	54	7
96	52	80
43	54	37
12	78	77
89	27	37
42	93	12
76	74	3
72	76	32
57	11	98
48	81	5
68	63	56
68	17	45
86	11	67
27	84	17
13	25	66
95	56	1
84	27	80
67	41	33
41	12	14
64	37	22
11	72	67
73	30	96
29	32	39
38	77	71
70	97	0
41	48	66
21	95	81
64	60	1
60	19	42
40	28	22
15	7	18
25	5	41
57	99	49
80	29	91
78	83	88
31	23	17
58	19	31
0	40	98
95	50	64
16	74	31
7	52	68
90	31	48
94	10	23
80	58	30
45	11	2
8	58	76
32	45	69
63	56	75
95	45	39
1	4	97
73	96	33
88	85	98
76	8	47
44	58	28
93	71	59
56	99	4
57	47	56
41	72	1
64	49	14
82	89	15
92	85	99
49	69	90
60	70	51
7	2	36
37	19	62
49	3	60
78	78	30
37	73	32
2	78	52
56	28	91
48	73	77
68	26	98
58	55	82
80	92	52
70	87	83
11	0	20
88	17	31
8	74	68
97	33	21
43	40	88
92	31	53
8	97	23
99	81	2
97	21	81
16	70	88
32	7	54
25	90	9
68	94	44
24	57	55
52	0	30
84	75	1
19	7	32
24	26	35
7	93	56
95	19	69
10	25	79
43	67	35
29	83	70
14	41	33
12	9	65
74	86	51
18	36	1
34	97	79
19	33	70
70	84	2
37	36	3
36	69	7
61	2	69
21	65	73
7	4	62
70	38	56
44	54	24
52	23	83
62	30	61
11	5	61
27	76	59
11	3	35
69	4	42
75	18	7
34	67	78
30	96	74
36	96	5
83	16	45
49	89	95
7	8	89
71	93	83
62	11	5
4	57	36
46	77	5
91	64	80
28	21	94
20	81	4
85	15	46
17	44	44
38	20	63
55	76	6
32	9	72
17	63	83
97	78	94
63	66	97
11	90	56
37	97	66
41	58	33
35	32	91
64	6	44
43	3	90
69	31	72
74	55	51
9	27	49
94	3	15
18	13	62
38	27	13
62	9	6
61	5	50
5	82	93
53	36	82
5	95	74
85	5	98
41	35	32
44	60	66
68	43	1
27	77	17
87	1	88
41	77	17
44	65	48
53	65	71
73	6	84
71	62	6
40	83	44
36	44	26
48	16	28
34	62	76
11	17	77
0	37	73
50	25	25
90	73	51
30	49	56
44	95	83
18	41	86
58	65	94
26	40	97
24	48	54
83	19	78
40	72	26
47	51	46
45	62	51
76	5	64
87	40	96
22	35	30
56	97	28
38	19	23
27	7	80
24	60	87
71	62	29
52	78	59
24	88	55
9	54	86
14	55	33
61	78	64
47	8	18
26	21	88
78	27	21
57	96	96
28	38	54
96	63	72
86	21	53
3	55	94
29	79	43
22	53	15
2	61	4
97	2	56
90	58	45
85	20	70
24	84	68
42	61	7
10	50	41
63	7	24
72	5	7
26	74	18
78	57	59
39	41	80
70	50	60
6	7	5
31	13	22
32	66	72
16	7	5
60	5	56
28	21	22
63	7	99
43	28	74
82	81	59
94	33	49
56	54	27
35	42	3
92	98	80
64	51	57
88	67	34
25	97	4
99	52	25
5	81	98
12	69	40
93	96	3
53	88	7
25	90	79
47	30	80
97	71	12
20	19	18
25	56	16
84	29	74
16	71	91
78	88	30
95	78	67
32	50	37
43	40	15
76	11	10
57	84	14
24	76	3
78	87	88
7	85	0
75	13	51
48	83	19
38	11	20
64	49	45
83	17	37
82	26	47
11	22	10
35	35	73
91	64	26
36	79	65
34	81	24
23	17	24
55	17	7
66	99	86
61	56	99
3	18	99
57	41	93
40	86	53
66	50	41
91	35	81
26	6	57
51	60	99
6	86	96
98	77	84
1	49	23
27	55	94
9	18	26
0	93	93
16	4	93
60	11	38
32	37	61
68	10	63
39	0	15
64	81	59
2	24	69
15	52	53
39	48	84
23	52	51
0	72	77
46	99	10
80	14	88
25	34	50
48	25	58
68	90	4
9	16	87
22	6	47
50	48	98
30	0	6
9	68	76
54	21	10
75	76	90
62	21	79
7	89	76
8	37	77
43	67	40
42	67	32
3	43	15
41	57	52
58	34	87
36	15	89
37	32	66
97	78	37
5	73	83
30	10	35
12	27	89
93	33	48
23	68	67
76	38	77
95	68	1
57	75	13
61	23	96
63	14	27
57	27	80
77	12	64
52	6	91
27	95	84
34	16	40
46	21	2
26	65	28
76	62	58
1	73	77
56	16	28
52	8	2
66	75	12
83	93	75
40	85	25
78	94	42
79	60	1
46	89	31
37	71	39
5	53	48
31	28	10
93	64	86
77	26	34
60	82	57
50	98	87
92	84	71
51	77	91
48	31	20
47	15	19
19	25	72
32	11	78
97	47	68
51	0	52
78	25	40
53	84	96
65	48	64
95	13	48
60	69	8
72	37	61
5	63	96
59	79	9
97	13	14
67	40	80
63	53	89
91	84	43
97	90	91
24	29	27
23	49	50
65	65	33
21	44	54
60	6	88
44	73	71
36	19	66
68	70	25
82	30	37
3	3	57
69	88	79
56	55	32
37	7	7
7	63	65
73	59	37
44	22	25
58	18	62
93	64	46
14	99	11
37	30	40
7	59	66
75	66	4
29	34	24
72	58	94
88	16	44
20	83	51
84	77	16
86	48	28
2	46	2
1	60	22
76	6	67
16	28	22
65	15	85
35	28	14
31	82	22
16	59	89
46	80	15
18	94	74
3	85	54
74	78	77
27	36	82
6	94	59
26	58	28
11	33	61
95	32	2
54	31	90
16	97	51
73	48	83
53	27	54
4	12	6
20	64	28
2	43	58
70	93	32
63	27	28
72	6	97
32	34	40
47	45	56
90	95	22
52	55	62
70	82	64
43	55	66
8	54	42
29	82	87
19	26	66
13	7	21
84	63	59
12	91	59
96	14	11
71	91	96
19	12	31
89	64	61
82	72	62
83	53	7
83	56	62
20	29	86
30	13	69
73	80	3
18	97	60
57	44	37
75	60	97
46	87	12
52	33	83
73	99	55
7	46	92
93	73	81
41	50	88
97	31	79
48	33	61
40	56	34
0	70	23
87	47	86
17	74	34
68	51	28
43	2	26
30	59	76
6	19	50
74	34	26
48	48	16
19	46	86
67	16	94
30	17	25
38	70	78
41	38	7
60	62	2
35	87	15
17	44	66
11	47	30
74	35	99
76	47	41
46	79	71
45	74	52
74	3	54
88	6	53
71	43	76
9	95	57
86	34	28
26	48	29
5	91	35
31	83	42
81	65	64
8	46	54
29	22	87
85	62	19
1	42	49
69	54	44
7	87	8
55	31	14
67	45	93
0	21	47
39	75	49
64	22	42
69	60	47
0	54	64
63	64	60
76	34	38
18	49	67
96	79	65
2	75	73
59	92	49
50	21	39
83	53	99
44	71	88
88	46	24
11	64	87
3	93	99
76	80	35
72	36	57
18	32	59
70	92	78
65	80	67
73	65	2
82	39	92
35	23	87
17	96	78
77	65	87
64	72	40
16	7	22
14	28	88
57	53	54
5	58	94
90	49	86
60	65	16
77	84	42
48	50	0
21	48	4
3	87	36
27	76	24
86	32	75
16	19	95
40	72	1
87	53	76
90	56	66
23	32	33
90	5	25
96	7	98
93	1	9
72	70	2
40	3	32
50	15	63
67	58	52
25	74	11
49	63	78
90	15	67
28	51	33
52	35	62
20	75	63
36	14	81
88	58	83
38	0	69
10	24	10
77	3	33
24	82	74
8	38	33
92	51	47
80	94	80
30	85	17
82	69	24
30	1	66
31	12	46
33	43	66
81	5	40
76	66	67
3	64	44
66	32	51
40	65	36
60	47	82
66	2	55
3	29	18
5	57	50
13	75	24
61	1	69
68	83	14
60	9	42
48	84	66
26	87	88
77	23	82
99	86	85
47	32	58
47	21	84
92	54	49
43	64	52
55	39	92
91	9	77
48	27	8
57	71	18
70	22	42
97	9	31
84	37	48
55	71	52
49	88	77
29	89	4
21	0	98
66	36	71
49	43	15
71	17	28
2	50	78
65	25	15
48	77	46
29	92	57
35	22	15
16	32	9
52	28	49
27	40	7
13	50	85
87	25	48
35	95	86
70	9	51
3	90	68
58	39	82
17	54	11
36	1	44
21	8	79
17	97	52
39	81	40
60	20	34
39	23	56
14	47	4
99	24	76
2	81	6
3	73	57
88	99	95
33	77	67
5	46	80
73	88	98
11	41	86
45	81	58
52	26	58
43	49	0
7	57	51
39	37	55
81	35	56
8	81	34
40	16	73
44	21	94
31	75	70
98	48	94
57	42	80
53	8	52
34	57	82
98	58	48
11	34	13
50	65	93
72	41	27
6	79	85
91	50	90
56	46	63
48	23	50
84	5	93
96	63	29
68	0	3
75	79	14
49	36	79
86	25	32
99	66	16
36	52	35
6	70	15
22	87	61
7	22	15
6	49	90
69	44	69
91	75	96
90	75	47
36	95	29
55	72	1
5	57	52
66	45	87
43	67	71
91	41	90
2	19	15
80	81	96
45	34	19
90	43	26
48	10	23
9	7	76
69	7	55
14	41	66
5	41	36
45	2	0
56	64	88
57	81	96
98	51	87
28	0	63
45	69	95
0	85	60
44	49	40
31	65	60
77	48	26
43	34	35
75	24	6
99	97	19
63	20	52
12	3	65
69	43	74
4	38	3
30	83	49
80	96	99
10	58	42
62	4	14
26	27	8
82	65	29
99	5	82
85	79	77
68	13	11
94	38	0
80	37	59
54	63	23
27	82	77
83	82	60
57	0	39
91	66	33
28	66	41
29	13	67
78	61	9
95	32	97
68	26	28
94	85	67
41	57	94
36	63	22
84	86	87
14	90	8
15	69	88
45	90	84
25	53	23
31	89	80
58	89	72
21	13	66
43	96	55
24	61	34
37	27	46
81	13	38
85	61	26
88	94	99
43	91	44
91	74	12
79	8	99
15	50	56
11	24	28
35	28	28
78	26	2
64	25	82
12	92	5
78	14	19
17	67	84
82	87	64
27	95	79
63	43	72
64	42	94
58	53	50
8	57	43
4	73	29
48	90	99
94	61	10
60	38	19
1	25	85
9	81	2
34	71	47
91	68	0
39	95	20
77	84	31
6	88	50
59	84	76
5	55	38
65	35	31
46	1	41
48	20	21
25	41	8
19	8	43
3	64	75
75	94	27
0	53	24
99	20	65
4	7	11
88	91	78
96	83	13
87	47	57
42	45	35
35	34	83
88	42	92
33	51	18
94	52	33
34	48	69
48	10	81
91	7	64
5	84	28
92	97	92
11	61	61
7	38	7
90	2	10
86	37	22
98	45	80
16	17	18
37	10	12
19	24	89
23	46	29
59	7	50
62	20	82
83	95	68
74	57	36
63	80	51
52	11	10
16	85	94
60	56	74
73	45	27
18	97	21
36	76	58
32	68	97
5	34	27
35	82	23
88	98	87
42	1	26
24	30	23
85	44	59
16	76	59
77	11	48
16	40	69
68	37	28
98	85	36
57	75	51
82	99	59
77	27	61
42	22	23
92	66	66
97	12	71
74	71	81
45	63	53
10	70	81
27	95	69
89	51	72
33	85	4
27	88	97
9	43	95
21	61	82
67	48	48
29	38	1
13	81	90
90	88	28
28	92	1
3	28	46
57	26	85
68	43	49
2	50	60
90	8	81
66	92	35
78	83	71
91	65	69
70	75	92
7	93	63
90	96	28
93	66	32
55	43	39
63	70	28
7	36	52
50	67	18
7	58	22
98	59	83
62	29	77
85	89	26
59	12	90
25	53	0
48	84	1
79	1	63
15	92	72
41	36	72
71	6	94
71	1	71
7	66	13
45	18	82
89	20	67
46	39	98
92	58	53
57	18	3
55	14	61
96	88	90
91	57	14
96	87	67
61	66	7
3	58	80
20	31	37
11	38	50
96	75	63
76	91	49
86	69	88
93	89	81
94	30	58
36	56	3
33	53	19
47	1	26
38	82	14
15	31	96
22	58	85
94	33	27
50	14	64
84	56	89
24	39	87
99	32	46
97	12	18
44	65	60
63	95	0
59	59	76
50	19	30
2	69	74
96	25	62
34	12	22
49	92	30
65	60	26
62	35	27
55	70	74
44	90	51
79	20	33
83	21	13
97	9	18
99	25	84
35	89	28
25	9	56
3	42	4
35	31	4
52	30	62
51	20	10
29	31	60
0	6	44
78	79	36
48	82	27
89	55	32
38	64	20
66	46	12
47	89	67
40	88	91
92	25	66
74	53	12
10	76	3
51	3	69
56	0	31
34	49	89
80	14	5
35	37	69
54	30	19
5	98	34
92	21	6
69	19	80
40	26	39
83	78	7
72	46	15
40	56	21
86	7	23
5	82	71
97	61	35
89	93	11
14	7	0
84	39	13
26	77	27
17	31	98
12	53	35
55	36	72
54	25	66
32	34	3
86	85	33
59	88	40
7	73	77
55	11	12
14	8	81
87	20	97
29	33	66
93	72	19
9	12	18
76	15	45
52	29	4
25	62	89
22	78	53
36	35	59
81	10	79
17	60	22
5	75	75
48	36	82
96	21	88
42	18	24
11	26	52
51	46	48
32	8	68
11	86	20
66	76	47
89	3	20
5	95	97
59	7	25
74	86	31
4	0	43
34	65	24
36	10	45
46	11	61
57	36	80
23	90	34
2	11	76
47	38	5
65	4	96
12	98	66
26	21	4
67	32	20
87	1	84
8	70	84
26	2	92
77	92	56
67	47	10
24	96	31
96	54	68
69	90	97
18	70	42
95	50	24
59	81	52
64	85	67
28	2	84
66	17	7
70	30	62
13	56	1
73	71	43
43	36	93
41	19	37
44	28	74
19	64	70
52	27	30
27	91	56
91	2	56
2	66	6
10	32	45
47	78	11
90	27	58
46	63	26
58	2	32
89	95	52
30	86	41
35	1	74
91	70	76
43	59	12
60	1	29
1	59	85
24	31	23
97	49	63
3	77	60
26	80	65
72	59	53
26	50	6
8	57	55
73	58	80
53	64	87
88	17	66
75	36	34
74	63	14
58	93	51
9	46	81
87	42	85
96	22	54
1	31	54
57	33	11
71	72	83
64	74	68
69	24	54
27	8	64
73	69	89
77	70	46
18	38	6
32	96	16
24	57	59
40	34	23
78	78	0
0	39	70
5	57	38
75	81	68
53	68	58
90	78	54
52	74	16
18	61	68
87	7	19
57	30	93
5	78	3
9	96	58
86	18	68
31	79	22
16	96	19
86	97	91
79	52	80
53	8	15
48	79	28
38	65	22
39	11	77
53	48	80
46	52	97
97	44	62
60	4	44
20	15	8
13	71	61
54	97	42
50	28	75
96	65	96
32	73	92
93	20	11
22	41	69
53	64	71
55	61	0
52	42	73
37	32	81
38	30	73
57	78	29
7	44	69
5	50	92
80	26	39
59	14	63
97	36	55
60	6	33
32	87	48
32	87	17
26	24	93
24	84	49
85	28	4
72	40	37
89	99	13
73	15	67
5	28	44
40	71	34
75	48	90
15	36	7
12	63	60
70	91	0
34	45	81
58	60	18
99	33	47
12	1	85
46	49	73
19	0	84
85	40	58
48	56	98
42	28	72
67	62	18
41	66	25
88	3	20
51	55	14
73	62	73
86	54	37
3	64	88
92	47	96
28	99	8
96	69	18
46	5	20
66	70	26
91	55	24
13	46	30
63	54	94
66	80	98
31	79	1
95	34	81
20	23	81
62	14	49
57	41	81
78	39	27
19	23	81
66	98	97
56	38	39
90	60	39
79	78	35
39	24	90
23	7	85
95	61	51
10	41	6
49	89	37
44	74	98
49	75	57
78	60	95
20	40	48
97	41	28
21	57	72
40	51	37
52	88	66
13	41	86
98	9	45
35	26	78
65	75	2
3	55	20
24	97	35
67	45	69
91	91	98
97	81	26
85	70	46
51	98	27
58	62	25
13	64	19
65	66	50
89	15	51
60	88	3
6	11	70
36	85	75
91	98	46
34	77	14
47	67	86
76	95	98
71	56	59
25	21	58
13	40	74
21	54	71
35	95	40
27	12	61
50	29	70
14	15	84
94	78	90
90	40	9
81	2	47
13	19	31
78	69	58
89	85	99
0	26	37
76	17	93
55	96	41
30	87	49
78	89	40
77	28	40
29	11	25
29	36	87
86	8	47
95	14	84
54	83	42
43	58	70
3	45	17
47	43	40
61	46	57
73	82	46
99	15	16
89	31	61
81	37	8
50	72	9
31	75	19
99	77	26
47	18	47
45	9	25
98	81	82
40	8	78
91	57	85
68	35	64
74	96	46
77	86	36
88	35	96
66	91	84
7	22	28
19	1	31
46	74	32
60	87	42
62	8	88
77	15	91
37	59	12
42	18	51
83	38	95
75	86	69
60	20	13
48	87	24
52	89	92
3	42	84
36	77	12
14	44	0
32	93	86
86	51	81
48	76	44
53	56	47
69	84	57
41	96	32
70	63	88
88	60	85
72	89	83
27	52	56
18	7	0
16	42	36
2	76	60
38	85	6
81	71	24
58	73	33
96	35	84
72	73	88
3	94	94
62	89	25
23	34	96
99	58	6
41	84	90
67	87	1
16	13	60
33	20	21
31	83	85
89	40	2
37	2	35
53	11	0
85	90	92
18	61	26
68	31	28
98	16	90
57	68	64
20	76	99
40	76	39
7	32	64
57	21	30
8	98	32
34	12	48
36	5	40
91	81	62
63	11	46
47	14	53
28	70	70
28	25	82
42	40	15
59	60	47
84	66	80
38	47	88
9	91	79
44	91	55
91	14	88
67	87	78
96	80	65
7	39	68
36	69	95
86	29	11
58	10	45
74	32	53
23	89	6
50	92	8
59	12	8
35	52	56
66	32	93
96	26	3
12	79	7
51	91	66
4	65	40
23	63	58
8	61	58
3	53	56
76	20	4
16	35	5
41	86	53
75	73	1
77	23	97
60	54	64
78	16	80
30	8	38
65	74	69
41	5	49
76	19	96
91	9	27
29	75	38
54	44	6
54	31	20
4	3	93
88	59	97
57	35	44
52	83	30
17	95	0
72	93	62
57	63	21
60	99	20
14	40	40
13	12	67
81	33	46
41	44	65
95	28	10
96	68	21
89	14	82
90	19	35
71	39	44
24	48	46
54	18	82
63	35	0
29	68	49
35	61	20
34	48	23
37	64	90
37	5	70
86	58	5
9	64	89
29	79	20
60	95	88
73	7	11
87	99	19
22	21	6
84	55	29
4	74	49
57	75	56
43	63	26
85	51	34
68	46	85
52	96	49
99	40	91
91	87	62
43	0	59
10	88	91
54	69	78
52	6	29
23	4	70
99	15	30
81	73	78
17	23	79
6	85	92
55	24	91
54	99	87
56	27	50
18	12	19
39	91	1
10	57	61
73	68	82
28	24	40
45	38	95
28	41	62
67	55	94
35	56	90
77	98	20
88	91	64
9	90	35
7	45	78
29	42	53
65	41	4
59	23	74
98	66	79
71	58	54
74	11	40
41	85	53
31	18	49
49	65	24
69	50	63
5	3	46
85	65	29
41	23	48
17	6	12
2	77	21
94	12	59
39	92	73
65	45	57
50	61	93
56	27	87
72	26	18
36	1	24
84	32	32
82	27	0
40	14	54
88	59	4
81	90	35
77	91	70
68	72	74
84	7	51
54	44	52
8	94	52
29	29	10
5	38	16
91	82	29
44	12	72
45	35	89
55	77	95
56	2	13
75	40	99
88	35	15
51	9	56
55	45	19
16	23	92
35	72	87
8	64	5
72	4	83
44	65	39
33	80	63
38	58	33
78	13	67
63	89	99
74	82	7
54	1	96
13	41	25
50	79	2
24	51	75
20	16	34
25	92	69
65	63	45
5	58	43
24	80	44
21	49	58
93	40	21
0	93	43
93	22	68
98	50	6
86	39	90
89	70	13
18	37	62
17	58	92
35	88	24
1	99	62
60	53	61
1	30	59
67	67	56
23	2	67
86	19	85
42	99	89
30	94	76
20	64	57
30	17	37
77	21	54
44	20	44
73	54	6
41	84	71
25	82	30
46	18	3
88	91	7
52	72	24
57	29	96
47	35	81
11	74	88
30	64	77
69	56	83
43	47	1
44	81	89
17	57	15
5	40	44
18	82	19
76	23	89
60	62	77
58	58	71
19	97	96
38	71	66
90	22	3
73	69	24
35	39	44
62	74	59
63	52	68
38	11	13
49	63	21
61	40	86
23	61	94
24	28	18
42	29	21
94	41	33
70	13	41
36	47	81
94	76	26
28	17	90
12	70	28
5	75	66
26	17	2
96	8	65
66	53	55
97	18	64
67	50	3
43	63	76
17	94	74
30	97	93
33	24	5
91	56	85
3	41	85
75	80	12
51	33	39
97	84	19
13	84	15
97	23	26
66	37	74
54	19	42
41	72	85
80	18	2
12	83	72
48	80	2
99	55	70
16	64	18
29	59	59
23	93	56
35	59	56
14	81	14
28	15	12
45	89	10
66	96	21
46	66	25
46	16	89
80	3	80
87	57	66
20	34	60
45	2	76
21	41	59
23	53	79
93	42	77
99	74	73
45	73	63
62	38	32
99	68	79
32	15	3
8	15	14
68	88	49
68	15	52
48	97	98
61	77	13
53	12	14
73	22	61
64	83	23
6	34	57
79	17	45
49	84	44
55	78	14
91	88	73
98	97	35
40	69	99
37	41	26
81	14	56
74	32	75
61	19	83
17	53	8
72	70	94
21	18	56
82	52	67
92	27	87
23	69	32
58	84	67
2	29	60
78	49	25
26	67	70
42	39	14
4	62	49
43	94	40
46	73	79
98	73	40
44	11	68
28	10	41
3	81	19
96	79	12
47	5	86
72	45	75
30	28	54
74	59	15
68	48	14
67	38	11
47	30	51
3	91	86
2	32	70
19	55	77
18	53	63
52	92	93
40	77	75
99	3	89
30	82	29
13	79	57
8	21	96
72	90	91
71	33	76
29	79	14
72	12	79
83	78	94
4	28	15
30	43	97
43	21	1
27	65	44
7	46	90
40	14	24
23	97	85
39	78	35
96	37	16
15	63	43
28	45	68
4	47	79
70	35	85
68	44	68
40	69	57
6	64	32
89	63	7
89	72	89
72	79	63
58	64	89
5	90	15
63	9	69
78	34	30
41	68	62
84	7	76
33	39	12
41	38	0
35	49	82
79	95	31
95	83	90
22	81	30
6	98	58
35	40	43
26	45	62
8	13	55
28	30	54
9	12	90
41	16	83
53	79	54
80	49	64
57	50	85
69	49	78
32	37	49
20	29	79
90	65	23
9	36	26
45	47	61
50	99	90
34	92	0
19	97	66
29	82	51
83	93	97
78	8	88
94	69	28
97	56	39
26	88	50
69	92	69
90	80	53
48	10	80
45	16	24
8	86	78
48	10	2
48	92	53
25	41	14
15	37	33
62	27	89
32	61	29
44	63	51
94	36	88
48	84	44
17	35	25
17	32	88
85	61	52
88	22	97
83	92	99
7	46	14
10	26	88
31	50	59
32	18	7
80	66	65
7	75	20
21	63	1
77	19	43
43	33	89
79	33	13
45	1	5
51	77	66
77	74	25
5	3	75
88	99	36
65	47	20
75	32	31
90	73	73
0	5	94
95	40	52
64	93	42
10	85	49
47	20	92
48	49	63
17	49	70
61	53	47
83	75	61
9	93	84
30	66	46
48	21	18
17	73	11
54	13	7
76	20	68
5	45	54
61	12	3
29	43	5
90	29	84
91	44	7
49	51	92
66	76	42
15	15	91
32	41	72
58	60	15
31	19	28
0	87	84
9	13	8
93	65	76
73	73	39
98	11	99
89	26	41
7	94	62
61	91	14
94	13	5
80	86	34
94	51	9
68	52	76
80	32	94
81	92	11
53	42	93
86	94	68
96	89	37
75	76	50
99	62	72
84	88	52
86	23	95
89	13	55
23	24	4
47	64	88
67	48	29
2	39	16
54	53	2
51	20	87
90	64	92
92	29	42
83	54	61
23	67	27
49	18	3
75	16	27
27	47	21
90	91	36
17	26	46
12	97	37
11	91	21
61	87	29
7	35	85
98	68	62
27	22	14
31	12	16
68	64	69
83	73	76
64	59	62
77	66	52
16	42	85
97	47	65
15	55	87
1	75	60
24	13	61
96	0	33
95	64	60
96	73	46
88	44	20
23	28	84
43	98	96
95	21	12
92	57	64
12	98	69
65	94	10
76	81	71
50	14	70
2	56	95
79	2	48
24	56	56
46	91	49
20	30	83
33	21	30
59	22	79
16	66	82
60	90	39
2	30	9
6	17	0
92	28	90
55	63	77
26	56	97
73	71	88
10	19	49
83	55	18
48	36	17
96	22	56
19	23	33
23	12	7
55	25	19
19	38	1
8	26	47
35	45	71
70	50	35
35	39	97
21	73	10
87	96	91
99	11	32
76	12	2
59	80	30
6	35	85
90	9	78
16	36	30
89	43	13
33	26	53
88	36	68
34	75	77
20	5	94
92	76	39
34	90	90
15	18	61
75	86	82
96	19	15
13	42	83
18	99	28
52	79	24
85	83	85
81	73	82
42	35	40
28	55	4
14	43	46
39	86	47
43	57	76
39	94	34
74	38	53
10	77	2
92	59	90
47	60	17
72	58	9
73	29	67
99	57	83
81	35	63
42	93	55
90	71	4
0	7	87
12	83	71
28	91	88
7	65	93
80	27	7
60	17	52
80	64	0
91	25	10
22	26	81
99	11	93
74	48	26
40	81	41
96	31	19
99	69	63
92	35	9
77	17	26
45	53	7
46	46	34
2	23	79
55	52	60
62	58	82
61	4	57
54	70	57
71	61	74
10	88	28
92	48	24
34	14	88
89	34	40
84	54	71
48	12	10
3	80	49
38	13	63
10	15	16
74	87	87
83	83	4
36	90	80
5	10	22
68	10	76
72	79	88
55	40	23
4	18	56
59	89	63
69	95	66
58	78	66
25	68	81
77	85	96
45	79	74
2	55	68
21	63	13
96	41	95
73	45	55
40	3	87
95	62	0
86	83	66
49	10	62
64	73	90
14	72	23
62	98	92
68	84	58
81	71	92
67	41	88
89	50	18
93	25	14
74	5	88
65	12	33
59	85	52
93	67	19
27	73	67
24	93	20
81	30	76
42	78	52
62	41	41
17	25	48
37	1	85
25	86	8
11	90	32
38	62	29
32	81	72
5	19	6
55	87	59
59	74	15
2	34	76
77	79	37
90	63	45
52	5	55
49	1	97
12	79	4
81	72	75
59	91	78
62	12	67
84	12	1
80	0	14
51	61	88
67	12	87
99	0	56
7	35	54
30	56	17
37	65	94
84	63	20
15	27	10
52	37	97
0	9	39
4	73	46
23	68	52
90	11	51
56	30	65
17	73	2
46	16	43
52	46	72
30	23	35
34	31	87
96	56	7
80	17	8
3	96	2
83	76	58
17	49	95
95	31	53
55	0	65
22	24	97
53	31	71
33	39	60
60	2	71
36	33	27
30	49	98
97	82	74
78	72	71
74	87	54
84	47	67
46	33	35
42	96	13
10	40	87
48	47	3
94	13	86
13	97	48
25	24	24
83	58	77
42	76	61
48	2	30
56	71	30
3	35	27
4	81	32
3	4	70
49	65	94
62	69	44
60	94	55
86	0	23
22	93	61
36	58	72
1	5	16
57	7	86
39	81	74
39	82	5
93	14	51
89	86	65
64	87	96
34	2	91
41	13	28
52	32	75
52	70	52
15	18	53
65	0	56
49	99	14
54	67	85
63	98	5
32	28	80
67	8	4
96	71	57
4	69	88
33	9	86
10	50	6
65	39	27
85	59	64
48	75	89
49	89	34
11	49	65
81	44	19
41	48	38
56	2	17
51	29	84
79	44	20
57	36	87
55	45	74
84	13	88
14	6	84
11	5	20
41	99	37
79	89	12
67	26	43
21	47	43
42	81	54
35	39	1
25	78	5
15	94	24
62	99	95
18	97	53
11	4	84
49	81	40
29	26	59
54	47	54
26	19	55
7	27	60
33	63	62
25	48	92
34	21	22
15	51	45
51	1	94
70	31	26
80	2	72
66	35	57
6	8	93
11	89	80
45	52	25
63	28	17
93	61	15
1	82	0
92	2	76
12	81	5
34	63	85
94	31	48
37	65	90
32	94	23
51	96	37
10	34	74
74	36	46
46	27	66
42	32	53
58	85	61
46	72	22
39	75	70
34	4	91
2	40	79
74	22	85
28	75	68
48	5	68
32	61	98
61	98	25
38	50	66
26	21	48
72	45	44
45	7	18
94	93	11
26	97	23
60	85	10
5	67	0
68	67	48
7	99	72
26	10	66
83	80	81
17	61	52
12	77	36
27	36	68
81	24	4
58	5	28
82	90	20
46	34	19
45	49	64
45	28	79
3	81	62
38	72	99
54	91	82
90	69	89
98	5	50
41	24	18
18	57	10
69	95	72
6	68	2
14	31	60
98	80	60
62	50	32
50	81	60
97	37	22
34	19	21
89	65	25
19	29	13
67	51	18
75	73	25
33	68	43
55	65	13
91	91	49
43	66	87
48	60	77
49	91	77
99	89	68
67	10	82
10	63	38
12	90	17
93	18	0
76	28	50
57	31	13
92	21	29
39	44	21
56	24	40
14	77	53
59	25	24
13	97	49
62	74	54
85	64	31
48	83	32
62	91	19
37	47	25
33	2	7
88	52	40
39	97	35
88	81	88
18	47	72
23	59	39
96	52	81
33	37	61
4	66	53
41	74	72
48	32	59
23	1	5
75	44	99
65	58	8
47	88	20
99	4	71
97	87	78
80	42	67
3	23	52
26	51	12
98	80	4
29	86	9
55	76	49
54	4	73
41	23	91
69	6	7
10	11	0
62	58	74
91	24	14
14	67	20
24	97	29
85	35	23
39	25	77
21	86	99
9	73	14
10	47	15
95	62	76
51	74	22
76	95	52
85	72	41
8	24	77
49	11	49
46	52	31
60	32	29
37	46	85
5	39	34
60	86	67
96	12	33
59	79	37
88	18	92
3	91	36
88	51	92
7	87	15
56	30	65
19	27	64
73	42	62
36	42	86
50	10	21
88	46	59
15	66	37
84	42	55
43	46	45
80	17	10
65	4	15
51	55	74
7	83	71
68	54	86
40	95	68
76	9	99
92	29	54
29	35	82
92	18	72
67	96	27
94	48	65
32	76	88
9	28	53
46	18	2
25	74	48
44	93	52
6	66	97
59	48	5
26	40	5
3	19	83
76	12	41
34	30	61
27	56	89
35	99	79
78	11	64
14	65	29
31	32	72
18	2	55
17	74	32
4	98	39
20	51	57
42	70	24
45	37	51
88	75	23
84	31	82
92	6	71
68	31	68
56	38	39
98	45	24
41	95	83
88	84	34
84	69	6
40	56	68
47	95	87
81	26	50
95	60	58
96	94	29
24	50	88
69	66	49
87	99	58
15	81	85
57	83	55
10	2	35
40	58	70
43	46	94
9	75	32
38	72	2
18	5	47
46	18	38
44	45	20
58	43	30
23	8	2
1	56	71
38	89	79
64	8	40
43	15	53
25	80	72
18	40	11
17	94	34
23	87	7
57	71	72
87	55	37
96	90	56
47	14	93
15	49	47
31	46	85
69	60	13
69	17	23
99	10	6
21	65	82
30	74	92
39	19	49
29	91	6
16	79	4
8	50	64
13	30	51
35	60	71
40	7	99
7	44	66
93	53	10
87	47	60
9	92	94
97	21	31
74	37	50
97	28	56
1	93	92
24	23	6
55	43	34
12	97	87
41	16	88
36	74	26
54	72	6
50	29	18
38	86	67
25	16	15
12	44	75
1	58	56
73	73	79
42	35	93
98	69	36
5	28	52
29	89	79
74	74	79
97	3	67
39	6	0
50	80	80
92	14	48
68	11	67
0	82	33
7	95	61
82	74	39
99	10	89
41	99	79
50	69	79
38	28	17
50	51	86
77	86	10
7	8	87
99	43	96
31	13	5
65	58	59
98	3	42
89	6	69
17	65	30
19	73	53
47	23	28
95	32	56
6	29	79
8	1	87
15	51	75
69	48	87
74	29	85
69	20	35
5	38	77
69	85	87
30	42	99
52	49	95
43	15	68
62	79	81
55	14	86
78	9	7
69	33	29
3	28	13
38	14	27
18	3	30
42	17	9
64	66	27
77	48	25
85	72	15
10	56	40
65	63	61
48	65	66
57	97	29
62	46	37
83	37	96
78	13	25
37	56	56
11	11	96
29	9	70
86	92	94
3	10	99
76	93	91
12	41	40
83	70	19
45	74	17
0	41	64
57	15	29
78	74	53
39	32	23
72	49	50
70	78	65
26	79	92
13	45	87
28	35	47
11	37	48
75	62	22
48	66	71
98	99	59
82	29	29
66	82	12
18	98	82
26	37	54
44	94	10
5	76	82
77	85	37
86	25	71
20	35	96
46	42	33
61	76	62
33	62	58
30	24	29
26	88	76
10	33	55
8	82	77
1	85	48
12	9	62
18	86	71
57	31	49
38	91	14
92	71	34
38	46	19
14	5	45
2	22	62
9	44	73
90	71	89
30	0	85
6	29	33
5	72	0
28	40	77
10	21	46
93	30	81
15	18	33
37	13	90
59	63	64
47	75	50
60	59	46
19	39	20
88	80	76
81	88	64
80	78	77
38	73	56
20	98	54
45	33	94
79	39	79
35	20	54
75	8	88
20	88	47
40	77	26
69	53	71
23	3	99
91	3	42
77	34	58
73	0	40
21	72	91
17	28	56
28	89	28
56	42	28
85	6	27
13	68	42
81	75	28
3	31	73
90	20	88
99	32	69
83	47	13
72	81	20
18	33	90
83	90	42
53	75	35
37	16	83
40	38	60
29	7	48
47	45	71
33	17	13
88	14	11
76	4	23
59	35	99
18	15	52
81	34	49
26	50	58
1	67	98
92	47	40
27	78	78
88	27	72
88	95	47
56	83	20
92	5	54
81	39	49
80	14	47
55	52	91
42	52	37
69	90	71
12	36	16
94	85	91
36	81	11
3	13	83
68	16	76
14	79	25
94	49	67
39	47	39
59	38	70
19	67	44
30	6	74
36	5	64
88	21	31
13	81	71
45	88	82
46	85	52
33	32	0
39	92	53
75	22	68
54	55	55
15	79	33
68	79	19
8	47	20
35	97	12
53	31	99
26	3	18
18	42	94
48	36	35
14	30	52
68	59	90
23	87	32
59	1	39
58	4	27
16	46	80
21	75	38
99	31	95
78	69	60
77	2	35
78	45	23
64	93	92
67	78	8
97	41	3
96	11	57
84	51	97
21	67	44
25	45	86
17	7	44
39	60	1
85	29	96
20	54	0
44	8	79
84	23	51
28	74	52
54	94	83
12	85	79
10	80	63
57	78	68
76	24	96
99	56	96
60	35	98
62	16	39
90	7	50
7	18	21
43	81	99
84	66	50
46	39	5
3	10	41
92	54	85
54	23	68
30	48	23
97	64	61
23	2	61
60	6	23
96	38	1
54	48	73
28	96	91
79	92	7
67	3	56
96	28	7
17	75	98
81	80	96
76	62	94
87	96	26
40	10	82
34	21	35
92	80	32
66	14	39
3	25	25
23	17	50
81	64	4
29	82	85
58	98	59
75	94	58
67	22	44
86	2	28
78	53	43
52	70	14
82	97	75
26	99	73
48	37	7
74	76	7
40	30	91
34	28	86
69	22	63
66	88	81
3	12	40
36	10	2
41	84	24
45	90	29
84	29	98
64	81	33
33	35	73
68	40	77
12	26	93
0	8	90
93	10	96
69	48	29
21	63	97
80	9	59
18	25	3
9	39	3
87	86	89
88	13	98
52	6	83
18	9	22
71	0	95
61	51	28
8	56	34
68	6	88
11	82	51
22	64	93
49	39	47
99	13	27
9	93	16
55	88	5
19	76	70
52	17	40
96	9	71
28	78	31
12	9	56
52	0	28
42	60	79
17	39	91
36	61	4
6	81	90
56	62	65
0	23	73
53	77	68
0	38	36
80	82	49
19	30	22
86	37	15
30	29	12
49	52	89
2	85	31
3	3	97
86	46	93
52	20	24
99	11	37
50	59	23
95	99	30
57	91	83
38	99	92
46	13	11
72	68	57
3	92	86
50	81	36
69	76	80
88	84	21
38	10	68
8	73	82
29	85	92
0	80	81
82	26	47
47	57	62
93	10	44
39	0	21
93	53	70
66	52	92
97	89	55
46	78	9
77	37	56
90	19	57
68	44	25
82	25	90
50	44	4
41	38	38
43	17	75
85	20	35
7	68	95
76	68	98
88	72	56
9	57	12
83	18	34
3	48	42
74	88	16
85	21	81
80	99	30
85	60	85
73	49	27
67	88	91
17	44	32
76	56	13
26	29	21
55	97	4
58	79	23
12	73	25
21	96	67
8	40	45
27	30	20
50	75	61
73	8	74
51	32	32
10	82	24
17	33	66
75	40	86
15	47	10
43	36	85
54	32	6
37	53	54
21	91	18
99	56	82
11	6	88
77	5	14
85	48	63
51	33	56
46	21	47
71	12	78
73	82	57
87	37	37
52	19	74
43	67	58
49	72	80
18	52	72
11	8	0
81	0	97
2	85	15
65	28	21
7	87	77
77	8	37
55	23	83
49	27	79
56	1	20
61	96	41
7	83	33
73	25	72
36	42	65
54	69	95
98	71	37
47	55	9
43	88	51
97	43	26
8	62	95
0	65	98
88	56	0
74	45	9
91	27	0
61	97	31
53	2	44
38	48	29
36	33	98
34	75	38
27	61	13
45	37	91
68	11	45
68	2	44
25	65	33
43	15	41
50	62	97
21	50	52
21	82	69
65	4	42
45	64	58
44	53	64
80	10	7
52	52	39
27	4	81
7	56	93
3	70	18
81	62	13
39	58	79
40	49	16
91	15	32
88	99	54
24	10	91
90	16	54
88	80	1
10	58	67
98	35	89
53	85	48
62	31	47
89	9	57
73	12	90
92	5	58
57	98	47
57	7	33
59	60	37
14	40	2
24	78	59
59	7	4
17	24	56
38	76	52
14	99	89
27	96	55
76	96	38
31	18	87
36	81	10
69	2	93
54	76	9
1	56	65
68	51	41
62	14	27
14	96	15
16	94	19
10	88	81
35	98	68
99	59	87
91	38	76
7	83	72
89	2	5
7	2	10
8	33	17
12	77	77
31	32	10
57	56	66
41	77	24
77	63	44
84	45	63
19	82	91
32	57	40
10	50	2
9	54	78
38	99	29
29	86	36
22	95	50
60	35	2
32	4	87
24	85	58
50	50	55
30	62	29
60	14	16
2	82	20
94	90	15
78	70	80
37	93	61
6	37	70
55	54	7
2	50	63
85	97	55
11	30	9
56	93	87
23	64	20
85	57	95
76	28	72
19	18	25
92	73	95
81	38	11
93	32	44
86	14	95
92	29	10
66	98	4
94	48	85
51	24	67
1	54	54
40	54	11
74	33	90
5	66	27
3	83	59
49	34	14
24	50	9
11	4	85
25	86	0
1	3	49
68	59	4
3	76	23
41	1	18
46	61	62
22	8	48
93	81	0
37	11	4
25	94	60
95	33	85
66	77	3
15	20	62
84	30	23
66	39	9
9	45	39
96	83	70
84	72	88
80	81	21
81	50	14
12	39	14
93	96	49
37	50	43
68	44	30
57	82	77
34	95	14
10	92	21
44	24	45
39	10	77
35	83	64
33	17	99
35	38	90
29	71	46
32	40	73
62	90	25
73	56	71
37	5	6
13	43	23
59	88	0
86	67	77
43	27	65
25	3	2
31	58	2
13	24	19
77	65	47
46	97	76
48	90	43
9	14	63
91	59	41
22	88	7
8	59	47
79	68	37
33	23	48
85	58	86
18	98	20
6	9	40
90	69	15
40	11	8
55	7	9
49	42	0
84	20	89
4	28	48
98	4	35
27	34	87
61	30	38
68	24	99
25	78	98
89	58	21
58	28	36
25	27	29
8	94	19
20	85	25
8	94	60
19	57	36
81	69	42
82	93	66
16	72	70
59	96	78
29	62	85
80	95	78
55	21	16
56	33	36
23	92	63
45	29	49
64	12	24
33	8	58
7	18	94
66	50	46
29	86	67
19	76	55
63	49	60
77	58	88
79	79	74
27	3	91
90	35	52
98	57	90
38	65	35
97	41	60
74	17	79
34	2	54
33	42	61
84	97	90
12	58	73
35	80	10
39	29	45
98	7	64
48	75	50
57	34	93
52	94	59
90	5	41
57	44	63
38	10	19
96	88	55
85	54	73
8	37	67
88	35	67
99	57	20
98	30	31
20	76	11
61	51	90
89	54	74
57	61	39
77	31	0
91	41	94
72	33	16
2	48	87
4	47	0
92	27	84
19	75	14
89	56	47
0	58	16
75	38	53
99	46	39
16	30	89
15	96	21
60	16	88
71	70	86
39	32	2
67	80	98
33	83	56
43	85	63
62	72	49
17	35	21
65	60	19
93	46	16
61	27	92
71	28	1
28	78	41
7	24	58
74	84	1
15	83	2
82	42	75
23	95	78
4	79	75
57	1	22
7	6	7
36	8	19
95	72	94
90	39	39
40	76	14
6	81	89
24	76	3
73	70	16
2	3	14
82	95	40
94	47	24
44	34	67
96	87	28
72	54	56
87	47	93
18	6	33
90	10	30
39	23	6
77	76	36
20	44	59
88	24	79
48	88	72
37	47	39
39	93	11
68	66	79
9	63	40
13	1	50
63	48	80
27	42	81
42	67	60
48	79	23
9	55	45
18	20	53
17	11	34
99	49	80
39	35	98
13	23	1
17	85	23
94	47	31
67	13	36
38	26	95
81	22	36
77	31	85
33	96	33
69	29	56
65	51	60
54	1	73
24	6	15
4	36	85
91	23	51
39	19	10
2	72	19
99	18	25
39	51	42
48	14	52
53	8	96
38	41	87
38	0	85
44	80	8
42	70	55
25	72	71
2	27	34
3	46	65
97	9	95
45	59	46
28	33	33
9	33	60
93	84	42
20	36	15
70	49	19
16	45	44
94	93	41
88	69	26
97	16	36
96	41	37
51	92	66
40	64	17
15	7	18
62	81	7
41	99	6
94	46	59
45	12	44
62	60	91
33	82	48
25	35	44
37	62	60
50	32	83
5	30	50
78	73	88
92	18	60
76	56	32
91	3	88
17	10	69
26	21	80
50	94	47
46	74	52
59	40	73
69	54	5
60	50	66
62	91	47
71	53	28
21	21	97
66	32	39
68	22	92
37	54	68
34	78	29
4	58	17
72	68	93
90	3	87
37	39	88
17	94	31
82	26	89
90	93	98
45	19	5
87	28	25
61	65	39
74	0	87
89	95	80
17	30	9
3	47	90
17	36	2
34	48	37
25	95	7
59	94	86
64	38	0
92	39	43
46	5	76
54	31	6
89	14	84
72	78	93
81	98	26
51	16	3
22	86	15
48	39	10
92	85	26
26	80	72
70	78	1
77	54	65
16	13	78
65	12	54
91	80	76
17	60	23
70	82	40
46	25	46
1	37	52
19	4	87
70	60	93
50	21	75
30	67	59
40	99	48
85	68	5
59	50	14
5	12	5
6	47	54
2	38	90
37	36	9
37	37	73
64	16	76
80	9	37
40	12	40
10	32	51
71	3	34
26	79	21
31	32	96
36	11	11
2	8	16
4	52	15
32	61	79
69	33	51
94	76	60
16	36	56
44	84	31
24	85	32
0	67	63
35	45	12
52	16	87
41	86	35
42	65	65
36	75	79
60	66	88
46	99	48
70	66	8
39	21	15
12	36	17
59	33	61
18	11	62
68	65	13
37	89	30
33	18	86
14	98	35
86	32	48
13	92	65
92	6	30
35	27	41
52	16	92
97	28	41
83	2	72
89	13	23
5	10	60
64	3	21
70	35	50
76	23	61
17	52	51
62	51	93
23	20	29
90	93	95
84	44	19
59	46	37
20	25	2
81	19	73
85	28	88
35	26	3
32	86	61
57	12	28
24	18	93
18	61	86
65	80	27
95	71	31
9	17	35
17	11	6
5	92	93
33	76	24
29	8	48
12	12	85
89	75	45
52	31	50
30	8	1
17	76	76
46	90	55
20	96	13
89	89	63
86	83	56
41	95	36
32	86	3
35	7	65
60	56	67
75	81	36
19	68	56
55	85	32
16	14	57
47	63	74
39	43	10
56	89	79
71	52	36
70	50	16
87	59	90
64	60	5
25	46	37
79	2	54
71	30	53
99	63	55
13	54	46
54	48	55
59	96	42
91	6	3
50	91	64
10	11	88
54	92	73
31	16	56
19	18	60
67	13	95
12	66	14
86	98	50
70	72	44
10	64	53
15	0	76
16	86	85
51	14	70
22	77	59
27	80	93
27	31	47
75	40	94
8	40	60
39	30	17
71	46	21
54	7	75
3	84	14
54	16	23
79	64	48
94	44	12
31	7	62
96	87	60
12	58	13
37	42	9
24	85	75
16	68	75
37	11	6
15	55	29
31	52	26
51	18	68
18	34	10
41	16	75
31	80	80
93	80	37
28	2	61
27	97	13
73	73	4
90	30	93
70	57	96
67	60	56
8	23	6
20	90	4
45	95	41
5	27	13
98	32	42
87	95	17
30	64	93
27	22	86
50	59	32
97	14	38
28	84	81
94	27	54
34	91	34
43	33	96
7	85	62
42	70	85
47	90	33
65	87	47
9	37	75
15	78	58
33	61	50
51	42	90
31	44	77
79	42	56
22	39	82
24	92	88
76	7	20
89	24	65
48	43	97
36	79	16
94	47	67
12	51	47
15	40	23
81	45	44
49	0	59
26	45	12
44	36	48
52	21	85
21	83	42
99	33	28
60	34	43
73	77	81
64	10	72
86	85	60
9	68	95
87	49	75
95	83	98
92	44	6
3	76	12
2	82	91
72	6	14
58	34	15
5	27	92
77	62	48
76	71	26
0	69	86
56	18	79
87	44	62
32	97	36
24	36	81
39	79	76
47	82	62
37	79	13
53	33	73
48	59	66
0	23	35
3	78	26
98	92	49
98	24	93
62	65	5
61	75	34
55	24	65
29	73	32
16	62	95
35	4	37
88	3	76
88	67	40
4	80	76
89	81	35
57	61	98
77	50	31
41	34	80
12	0	34
74	23	58
44	83	76
90	27	2
7	81	63
29	56	4
5	30	59
5	27	92
73	34	67
86	5	30
44	54	66
65	97	31
63	62	5
59	5	3
77	30	66
64	52	62
22	41	6
82	39	13
46	51	41
94	99	97
21	17	61
88	33	65
23	83	83
53	49	7
83	25	66
12	42	94
71	27	12
49	36	84
27	13	5
93	20	74
50	93	23
25	18	85
25	33	21
29	80	43
78	67	21
51	66	79
16	83	84
71	99	1
65	95	56
33	65	59
96	32	62
15	79	24
38	12	60
28	8	79
2	14	29
7	40	93
92	18	43
80	83	25
68	64	98
72	73	3
46	85	29
66	29	41
15	86	73
76	93	30
80	84	69
86	83	42
7	36	68
50	60	48
46	16	83
68	25	62
56	77	90
28	95	22
59	41	56
57	71	12
30	9	46
58	9	41
28	65	79
41	45	41
18	55	87
11	57	97
10	24	15
60	49	39
91	49	38
95	99	34
62	0	0
21	19	75
58	68	89
43	6	37
47	71	45
84	51	9
13	51	72
47	45	85
83	35	27
69	3	22
80	58	92
2	59	82
20	67	0
34	3	53
29	27	16
89	60	96
32	86	7
97	60	1
76	44	77
84	72	48
23	85	96
71	2	70
37	71	17
94	97	59
1	16	67
10	57	78
9	47	73
14	92	39
30	9	27
22	57	83
70	26	15
19	49	74
51	89	28
45	74	10
7	13	95
19	59	67
8	19	1
12	31	16
28	12	69
96	5	8
99	74	53
82	54	40
58	59	30
14	54	56
74	24	91
80	77	35
77	89	47
27	75	96
48	72	28
64	25	81
82	67	18
65	6	42
11	27	21
22	25	48
11	95	28
38	55	53
79	95	71
83	47	14
45	68	26
77	24	2
35	32	61
72	94	7
79	17	96
9	11	6
30	14	92
64	64	47
81	82	37
23	67	29
14	94	7
9	50	52
14	0	44
11	68	44
94	60	70
56	43	73
12	88	62
52	21	67
20	70	87
72	97	18
68	60	54
51	96	45
78	54	74
53	95	51
46	30	59
14	83	95
63	85	44
97	38	27
17	42	98
78	50	51
27	89	50
9	70	26
90	84	77
98	81	28
32	60	32
34	8	59
44	94	45
33	57	4
73	92	12
84	29	2
45	44	77
2	47	31
24	74	75
56	52	22
76	96	61
20	52	59
9	85	95
48	72	93
1	89	69
20	92	5
59	59	83
3	36	82
36	64	14
39	90	91
72	0	79
71	65	66
94	97	65
26	96	0
7	54	77
55	99	62
78	23	67
88	41	88
62	26	95
72	56	42
16	58	98
53	35	17
17	75	15
29	70	12
88	22	35
6	98	8
48	46	15
89	85	64
19	60	61
25	27	32
76	97	24
69	67	69
27	37	76
4	25	29
39	54	22
38	49	5
95	81	79
65	55	10
18	86	41
7	57	54
12	6	96
15	5	85
9	47	40
64	82	98
90	76	6
43	69	50
11	37	88
35	31	93
33	45	38
34	12	1
80	37	10
27	39	14
55	79	6
95	25	42
35	18	19
93	44	26
10	99	25
72	98	51
33	85	6
2	39	40
88	58	38
0	60	8
2	10	64
73	57	94
23	71	67
22	62	6
59	2	5
34	7	63
34	7	30
28	65	65
4	32	11
13	1	30
81	86	76
61	46	13
6	1	23
44	97	53
80	98	79
93	35	69
29	24	47
73	13	77
41	94	49
52	82	62
67	56	16
13	70	82
52	71	13
91	90	42
35	3	2
85	43	8
50	57	16
35	49	95
47	52	6
57	98	9
29	8	13
76	70	97
15	61	8
35	13	7
14	38	43
51	13	20
29	97	91
72	47	34
36	22	35
25	30	29
67	32	99
41	48	49
48	74	51
56	44	61
2	39	16
34	67	92
38	64	36
1	4	41
76	88	67
49	60	84
38	63	88
24	35	4
0	92	87
72	0	33
47	32	48
18	68	53
70	99	21
24	46	20
98	68	2
29	94	59
60	20	5
47	18	16
94	97	65
80	60	17
91	88	73
15	14	53
50	74	88
49	68	80
33	3	75
62	0	37
48	93	74
69	87	50
20	5	91
93	47	23
18	8	78
45	19	24
27	92	94
9	37	28
58	82	7
95	87	27
95	23	29
18	48	45
51	65	32
94	85	98
10	45	80
2	40	39
20	69	75
59	47	23
34	97	16
98	32	77
1	80	71
59	33	79
76	94	68
47	36	80
83	82	40
20	41	3
72	81	99
19	35	14
98	95	2
3	78	4
27	64	56
20	98	42
88	97	58
97	1	9
27	69	58
85	85	76
54	23	94
74	46	48
84	85	85
86	94	91
12	35	55
48	31	11
12	84	27
43	12	16
77	88	13
59	52	15
60	14	5
79	33	59
50	99	81
41	38	65
22	24	48
60	84	36
60	22	17
76	80	52
55	75	85
91	34	42
64	68	83
31	98	65
5	21	5
31	26	86
98	26	93
61	84	54
39	5	6
49	44	87
36	18	30
7	83	56
21	0	64
51	91	96
51	18	88
47	13	28
0	95	78
14	33	54
63	61	43
41	5	77
98	77	11
18	2	72
72	5	29
86	15	42
18	43	46
56	83	28
33	80	66
9	64	73
64	16	56
64	53	24
39	65	49
91	75	41
0	14	49
73	60	26
45	4	54
51	57	76
94	90	81
91	40	0
51	19	53
67	50	99
55	76	51
86	24	18
34	30	92
19	8	63
20	76	58
33	70	10
72	36	61
51	53	84
55	16	92
65	48	67
7	21	4
27	30	51
94	46	11
16	95	38
48	88	65
64	53	78
7	51	45
2	99	15
66	39	72
40	27	80
98	50	37
88	60	92
85	66	52
38	18	53
84	76	45
53	44	91
32	42	79
21	54	31
51	16	93
37	70	57
73	6	39
38	42	97
5	95	73
6	8	13
62	48	30
42	96	58
82	27	18
99	4	92
96	11	64
40	37	42
63	70	63
58	71	73
98	37	48
51	49	58
8	16	62
8	66	41
93	28	74
11	54	50
18	73	36
78	80	0
15	72	41
51	46	46
69	79	9
40	56	67
81	60	62
33	65	10
2	75	54
84	62	59
27	55	78
54	56	10
23	4	74
25	53	26
0	93	62
78	68	37
14	71	21
17	21	1
9	21	65
79	66	32
67	16	8
33	18	87
7	8	70
12	60	78
47	12	11
41	36	24
22	15	11
49	10	9
92	70	52
46	77	18
37	36	40
97	83	45
28	14	84
47	67	1
69	89	94
73	99	67
52	37	55
86	53	1
2	57	59
88	65	26
7	14	22
11	64	5
51	32	38
73	20	9
10	64	30
5	92	5
8	54	47
2	21	12
98	22	8
22	17	96
44	14	95
87	56	23
72	58	83
78	12	85
62	2	26
55	63	16
60	85	39
25	71	31
93	52	11
61	20	27
39	58	51
89	34	42
33	75	47
75	8	62
72	8	33
83	79	80
63	88	61
95	40	84
52	59	45
37	29	30
71	2	19
89	90	65
9	10	84
48	69	90
67	97	82
36	46	28
16	52	37
80	14	68
24	68	12
52	96	30
23	87	99
90	71	50
21	66	78
42	40	32
74	85	96
44	42	7
61	64	20
87	47	94
63	70	4
11	81	24
53	86	9
13	44	16
56	83	20
22	4	67
37	52	65
89	91	28
45	85	81
87	65	4
22	6	93
98	61	43
9	72	9
34	87	53
30	44	37
66	89	34
61	48	76
13	32	82
71	47	26
56	76	50
90	37	41
23	68	73
62	29	87
70	98	52
67	89	31
77	72	44
97	49	8
30	47	56
3	57	8
90	70	83
95	31	8
76	49	98
72	22	55
71	27	14
88	86	97
38	27	43
64	27	16
79	44	13
82	67	57
48	22	2
58	33	4
49	16	25
1	40	19
43	31	41
86	45	14
15	34	1
70	2	48
41	34	76
29	38	30
91	21	88
24	97	7
88	19	22
69	20	54
25	74	18
92	58	21
81	77	85
86	13	6
95	24	58
22	92	90
61	42	77
93	85	61
50	24	85
46	84	50
5	95	93
23	82	23
44	68	7
8	93	21
18	80	87
10	87	54
49	35	78
60	19	90
18	89	50
11	8	58
97	65	83
89	77	7
62	74	59
24	83	82
12	0	80
3	25	36
75	67	53
8	38	8
21	77	36
21	74	59
11	48	62
89	87	42
83	0	49
1	31	96
23	76	93
22	71	23
63	97	95
66	78	45
62	39	73
36	29	42
2	86	64
37	79	80
57	1	76
9	17	33
57	28	72
44	25	39
96	59	74
79	84	83
0	95	69
43	35	71
14	22	13
73	5	48
14	46	95
48	94	0
60	24	43
67	19	67
15	72	83
74	13	87
73	47	79
82	26	12
3	10	58
60	13	0
97	1	67
18	60	63
38	87	12
70	59	31
67	62	0
84	42	6
89	39	16
58	35	36
70	53	43
17	5	54
56	70	71
38	1	39
87	57	98
83	90	3
7	33	59
89	94	26
5	56	64
62	57	94
31	18	43
11	99	77
89	90	69
99	4	2
67	20	96
84	11	62
34	88	92
62	15	87
8	22	56
87	82	36
26	86	25
22	93	67
55	51	76
25	10	10
40	6	21
95	11	54
86	72	59
92	72	29
93	2	46
1	73	85
35	17	88
66	41	66
34	34	46
92	97	24
70	13	99
93	62	3
41	34	66
58	71	80
34	73	26
56	62	50
37	64	78
29	91	48
59	97	85
58	36	35
26	88	12
40	33	5
43	33	60
83	32	41
42	37	17
19	75	90
28	47	70
6	51	62
56	52	95
31	38	85
7	93	12
43	47	46
59	10	78
92	93	63
83	4	58
84	43	33
43	77	81
87	58	94
92	83	70
21	17	76
8	38	99
9	85	26
5	36	82
36	6	30
5	24	11
59	53	99
78	3	42
37	94	56
56	65	49
86	24	58
32	93	91
39	5	0
90	43	31
75	98	86
78	84	80
63	56	80
17	35	84
71	91	10
71	79	26
83	80	59
19	44	99
46	46	59
94	24	74
97	6	20
9	48	62
69	48	88
50	67	16
15	88	29
91	79	42
83	33	84
31	62	9
40	23	78
21	31	66
37	7	24
98	92	47
73	53	72
52	37	78
1	60	16
37	25	40
50	97	50
40	18	14
46	20	61
8	27	29
30	67	24
59	2	56
93	56	35
18	65	99
31	77	23
24	95	40
27	15	97
59	77	31
31	73	73
38	11	7
67	72	38
97	6	95
31	5	15
18	34	52
4	32	59
77	91	66
87	20	33
76	60	40
58	6	65
66	18	79
98	94	86
14	75	55
0	52	54
11	73	60
11	31	1
93	66	54
29	58	99
58	55	4
79	21	25
23	49	78
73	73	18
4	91	97
6	93	28
5	69	91
91	36	35
43	37	96
85	54	17
0	3	37
41	91	87
16	53	78
86	47	14
14	60	94
33	24	76
90	69	76
5	45	34
14	26	20
39	57	89
31	2	90
9	0	98
3	45	65
35	99	15
28	80	7
80	34	39
64	43	0
90	49	89
92	97	38
95	86	12
37	35	87
53	34	48
7	12	57
25	51	94
96	48	86
31	59	85
62	4	99
48	26	10
81	87	3
51	97	85
73	33	28
99	85	46
40	56	36
79	98	15
64	1	12
8	5	86
5	63	94
75	46	73
35	94	29
92	53	1
91	44	6
71	95	4
17	56	47
67	51	65
48	3	23
64	50	95
51	82	25
48	50	87
18	60	25
2	12	83
92	9	42
96	23	35
72	44	13
53	22	92
55	89	98
14	66	77
64	40	61
68	33	32
71	49	53
9	20	52
17	86	9
75	90	88
61	10	60
23	17	59
28	72	18
12	65	70
12	19	71
90	7	53
89	6	12
71	17	31
17	49	39
0	58	71
93	25	96
96	32	12
24	76	9
90	36	62
98	84	11
56	86	51
25	33	88
63	71	75
18	30	13
20	23	71
81	18	62
43	26	39
17	45	73
6	59	88
34	60	61
18	94	3
29	14	58
52	86	88
32	20	10
84	90	0
43	94	92
70	26	53
58	47	54
86	68	40
54	66	23
39	99	51
68	12	94
0	4	39
62	97	30
56	84	60
62	82	84
46	7	60
34	32	57
5	76	36
78	93	29
5	57	33
83	78	29
26	26	31
87	57	60
93	62	85
79	64	14
73	10	85
9	88	0
35	20	24
43	1	19
18	34	45
24	56	11
57	76	91
99	56	95
39	42	97
0	98	46
94	45	72
72	36	24
60	2	78
28	60	2
0	77	97
99	28	75
62	60	17
12	11	82
45	78	69
63	49	59
34	47	33
22	24	13
47	48	31
43	16	23
20	53	30
29	64	71
82	4	52
84	1	45
7	70	31
40	2	49
42	89	1
2	77	88
36	84	15
66	43	17
51	21	88
93	86	47
88	47	88
47	14	32
96	97	93
65	55	69
54	98	21
17	83	38
45	17	9
47	52	59
24	59	2
99	50	90
43	11	33
76	29	4
79	6	94
35	21	31
47	7	95
54	56	55
22	83	59
12	51	23
89	18	0
32	87	52
19	16	48
4	92	8
74	41	74
95	38	92
60	61	55
20	22	59
26	89	24
14	87	3
46	66	74
62	73	91
2	67	37
55	73	65
27	44	36
87	37	28
27	42	45
88	18	43
86	73	62
75	92	94
45	88	5
13	76	74
34	34	11
10	32	13
96	88	71
20	92	19
92	66	44
29	84	69
79	4	40
49	30	93
6	35	40
15	87	33
14	35	54
63	18	40
44	4	99
39	89	10
28	6	7
57	80	17
48	39	80
43	43	5
98	3	77
70	31	34
85	44	38
45	55	29
98	15	76
70	27	29
62	19	70
71	64	14
71	3	85
27	78	24
50	70	24
45	62	6
68	7	28
61	28	22
66	81	92
75	29	26
64	16	52
9	34	73
89	32	99
51	30	91
98	29	19
48	36	82
98	5	93
45	9	26
52	90	2
69	13	36
63	71	61
62	64	78
6	33	87
22	15	68
34	76	9
6	10	76
20	31	66
51	11	16
83	91	34
68	59	78
8	73	92
14	32	15
13	0	87
8	61	4
72	53	28
95	44	43
99	70	27
51	91	26
93	6	84
26	2	0
46	37	75
11	54	84
0	53	38
76	98	22
75	9	80
88	7	9
32	35	68
12	73	58
46	25	28
63	13	12
94	83	38
34	93	3
14	72	70
10	58	64
47	44	27
32	77	5
13	39	8
70	51	5
57	81	75
18	59	68
33	95	33
73	51	97
67	23	64
93	27	77
12	38	29
84	25	27
91	22	68
54	62	0
28	99	44
96	68	15
97	54	63
67	89	24
4	14	61
72	29	60
38	5	68
86	48	74
83	28	57
82	67	30
62	98	60
70	94	56
74	69	29
39	67	10
22	56	3
59	89	88
93	75	26
56	25	22
9	70	31
66	35	83
93	29	93
93	9	32
74	90	73
75	64	39
60	94	17
30	5	61
71	22	95
8	54	58
7	91	84
76	12	15
95	81	20
68	88	0
93	55	43
92	52	96
6	4	48
36	87	84
70	82	72
73	90	87
31	11	60
40	12	45
9	42	33
95	76	75
63	87	38
43	17	90
26	30	77
24	10	8
3	6	72
18	57	61
23	49	1
73	71	10
30	5	33
30	70	97
53	87	35
41	63	76
28	96	2
86	95	20
51	49	11
33	52	66
88	67	96
81	62	38
73	36	42
31	48	91
63	74	48
32	69	91
58	91	42
41	3	48
61	17	97
62	84	52
98	37	70
5	5	72
44	73	55
87	55	16
60	5	50
19	10	56
65	93	28
26	91	40
77	98	66
3	69	75
42	87	62
97	36	37
66	97	31
81	49	36
90	72	39
80	14	77
5	46	20
99	50	41
8	63	99
0	14	85
75	98	39
81	21	26
11	47	74
68	11	74
11	41	7
72	88	81
24	49	96
47	29	8
19	13	60
4	14	72
5	27	99
25	97	78
24	12	17
51	99	62
23	82	86
91	2	69
14	51	41
42	42	25
91	68	61
65	73	84
77	22	43
18	7	42
77	97	54
67	29	49
54	7	53
52	23	67
10	41	77
27	28	3
68	93	54
7	83	52
73	25	52
71	16	2
84	62	13
86	6	52
15	95	96
91	65	86
99	13	62
74	15	22
15	17	54
88	75	1
62	85	65
0	39	0
92	46	39
11	60	84
71	5	34
20	49	42
4	94	63
63	72	17
71	36	7
84	29	7
51	18	49
18	82	64
55	51	66
79	84	83
16	24	61
95	82	80
28	2	56
48	39	49
82	86	17
43	80	36
10	91	52
14	34	50
78	43	87
42	52	7
97	79	3
35	75	27
1	4	59
9	42	33
46	38	30
81	10	35
95	91	56
24	44	73
6	47	47
6	5	42
38	82	18
54	12	88
84	98	55
81	70	13
31	2	12
62	70	98
78	30	3
4	23	72
26	8	39
91	10	64
61	93	45
31	76	53
84	78	47
3	53	50
42	90	81
31	80	72
94	33	87
30	75	8
13	9	56
6	76	20
58	96	68
93	61	32
86	27	97
4	72	0
64	91	13
20	89	64
18	44	38
42	62	67
74	13	51
1	69	94
14	28	58
82	55	20
13	37	44
90	80	76
49	20	73
95	56	2
88	20	56
37	21	24
25	97	97
34	27	64
77	31	65
62	48	81
52	40	0
24	8	75
6	37	36
59	88	98
38	17	92
0	35	82
49	75	92
47	87	44
5	44	93
13	52	6
49	93	7
79	36	30
11	22	98
75	28	53
16	29	48
60	16	6
96	30	15
95	71	23
74	77	85
54	56	84
15	67	61
70	85	63
38	58	91
72	8	50
4	52	2
76	95	68
25	24	12
1	66	74
38	96	34
26	14	58
36	87	47
27	50	48
51	68	80
96	38	63
64	6	31
9	12	62
71	45	64
43	18	42
73	56	15
1	17	39
82	9	0
26	77	13
50	41	66
50	41	58
76	82	62
45	10	53
59	9	73
4	49	38
97	34	95
20	65	0
29	87	62
38	97	13
21	96	8
18	95	66
22	68	2
88	98	93
78	45	50
84	41	86
16	34	55
14	41	51
39	61	90
79	14	95
41	79	83
92	56	66
12	72	38
57	61	73
89	53	61
73	39	91
96	30	38
49	32	76
3	41	83
1	57	3
50	96	5
26	77	26
5	5	16
39	41	77
65	3	86
69	53	98
27	84	48
46	25	37
67	86	75
25	94	15
54	89	48
87	48	11
97	94	42
31	36	88
57	25	37
44	44	66
82	32	93
24	89	51
77	41	39
13	86	17
4	48	45
49	64	28
89	36	50
77	79	86
79	93	39
28	27	24
17	18	96
76	57	4
77	47	0
89	97	20
99	3	94
34	5	68
18	55	99
97	44	52
30	80	22
4	54	48
10	13	21
46	44	8
90	53	57
93	50	53
2	95	24
73	26	33
20	48	86
35	22	90
10	62	87
83	39	64
2	16	60
8	58	79
97	14	84
61	21	12
28	85	84
59	25	7
99	57	78
75	83	41
54	27	56
36	32	29
83	20	55
83	34	92
86	35	66
72	73	16
42	37	17
25	9	68
89	12	29
10	53	33
25	44	15
47	65	7
35	32	73
70	50	35
0	97	8
1	50	83
41	56	78
40	94	75
11	25	53
35	79	69
46	21	50
45	29	50
67	51	88
18	17	38
35	4	2
97	45	31
50	67	82
64	55	56
47	86	1
9	8	40
26	78	8
28	47	92
4	59	30
43	12	94
25	21	81
46	87	96
49	67	24
86	22	0
32	9	28
13	77	63
87	73	53
93	72	95
61	88	87
18	30	0
71	32	11
64	69	18
5	63	6
87	64	22
46	23	0
47	71	90
13	59	79
29	43	7
20	72	78
99	41	1
47	51	15
22	66	95
33	98	16
90	81	38
60	4	7
81	75	43
46	40	83
85	15	99
91	58	68
63	42	4
86	63	20
64	66	74
90	17	72
57	34	58
84	66	30
55	25	84
1	90	87
47	82	59
12	39	62
86	75	71
43	55	63
94	16	40
39	77	49
60	56	1
19	14	4
60	0	66
68	65	34
1	99	29
61	49	47
36	99	46
72	42	61
50	59	85
3	90	58
38	97	58
33	28	63
25	30	10
78	87	61
87	23	78
4	41	58
46	21	1
6	20	45
62	18	39
73	12	23
5	60	69
95	33	28
65	25	11
71	85	20
37	9	84
11	99	38
52	99	86
59	49	31
36	67	62
14	44	39
2	89	52
97	33	40
42	81	24
66	32	60
33	18	9
46	40	62
50	52	25
62	21	60
10	49	92
89	43	46
24	84	79
43	74	75
56	34	45
78	79	34
67	27	25
68	84	96
27	37	96
46	22	45
53	8	82
15	4	71
93	59	99
8	88	97
25	44	27
56	92	56
79	93	92
67	31	15
63	22	90
61	50	41
40	32	30
87	78	4
54	63	55
75	70	96
56	29	83
44	90	64
10	11	88
6	69	65
49	79	25
58	59	65
5	66	43
27	88	97
17	35	9
29	54	10
48	96	86
66	55	94
29	78	82
63	60	70
59	45	75
34	56	14
49	10	8
90	83	51
62	10	19
91	95	11
0	84	93
72	48	15
75	17	84
49	60	9
28	26	15
74	23	86
23	81	54
48	11	2
41	24	35
12	88	94
35	62	93
22	56	91
96	2	46
45	49	50
58	60	34
91	1	20
44	49	94
23	35	26
11	70	67
70	85	91
13	77	49
40	10	46
14	10	58
6	53	96
75	45	77
45	83	25
3	35	18
21	9	86
45	79	96
7	97	93
96	4	40
23	83	15
86	11	8
67	21	11
65	14	96
63	0	79
59	20	70
91	40	9
1	56	41
13	65	34
1	78	50
73	75	11
13	45	92
62	88	49
93	87	45
48	66	36
28	91	75
85	31	27
83	2	77
5	3	52
2	66	78
78	36	53
58	78	2
88	0	92
38	1	78
85	34	92
5	77	52
35	87	75
54	96	89
78	95	67
0	11	63
75	63	28
93	53	60
60	77	50
8	52	42
87	36	34
69	8	48
38	50	75
23	32	49
73	48	59
7	4	53
76	79	98
0	83	37
11	92	64
0	16	46
11	72	23
45	52	65
34	82	2
92	32	92
94	79	49
61	91	42
84	24	23
49	39	90
18	33	92
90	75	77
83	97	58
29	85	64
58	30	16
3	75	26
6	69	86
62	6	43
27	43	58
35	95	38
90	27	5
92	69	46
2	77	96
1	24	88
31	25	30
16	94	89
4	20	71
93	80	55
10	64	97
18	29	83
31	47	77
51	50	40
40	48	96
67	91	93
73	13	59
70	11	81
39	51	55
50	71	17
11	42	85
99	37	66
83	45	21
85	58	37
83	70	35
71	34	92
95	59	65
47	31	46
10	86	96
31	77	40
49	85	9
49	2	22
76	14	27
16	16	83
48	43	22
23	95	51
29	23	59
51	65	63
36	83	56
85	79	89
58	45	75
51	35	2
17	10	86
72	79	81
44	22	27
26	10	55
21	53	91
71	99	89
37	69	7
6	43	42
13	11	78
42	78	11
84	91	21
87	33	2
79	88	42
65	55	19
17	63	79
93	98	17
66	88	23
21	85	94
45	9	30
22	20	5
84	85	83
38	80	46
50	6	57
26	48	91
76	12	83
11	56	40
56	20	22
87	92	13
33	43	72
16	98	82
5	67	52
42	23	12
49	60	58
32	52	62
65	65	51
52	9	40
71	10	88
15	92	6
43	90	97
90	37	34
54	50	95
50	7	47
48	0	66
16	60	38
64	97	26
2	27	12
78	83	91
14	51	0
52	45	72
1	70	54
76	28	37
52	33	95
1	37	23
67	64	94
22	24	9
52	73	69
43	31	10
28	70	47
96	86	54
91	68	26
45	1	8
99	4	93
28	42	39
16	91	4
16	68	33
27	16	99
97	51	71
10	30	92
90	25	29
99	58	81
80	89	94
67	4	62
89	80	44
55	72	47
40	61	25
68	85	70
32	99	56
48	47	4
99	99	18
69	49	75
50	17	18
43	25	33
56	0	48
1	49	96
5	92	47
58	45	96
45	19	73
99	93	40
50	39	45
40	90	81
90	50	67
14	99	75
21	74	23
65	72	71
66	70	61
81	20	39
24	69	53
12	1	72
24	72	73
44	77	0
22	51	87
34	79	80
23	85	98
65	19	66
12	23	6
2	24	80
9	60	33
42	50	14
74	68	43
92	61	19
11	47	49
53	75	52
82	97	2
72	55	63
12	70	27
2	22	66
97	74	45
41	45	95
64	83	72
73	10	60
13	16	36
86	90	49
22	70	76
50	34	61
86	9	15
99	9	29
58	41	53
89	46	89
77	95	80
33	45	74
90	89	23
74	67	57
69	16	88
71	2	91
4	47	60
87	80	0
93	37	46
45	73	17
15	62	40
50	50	26
75	96	12
6	81	96
36	72	0
55	38	0
38	47	28
24	14	4
72	37	94
87	39	86
74	44	99
84	37	1
43	85	0
38	79	91
75	5	61
5	51	27
23	66	59
58	74	35
59	41	42
3	50	86
30	62	57
75	68	16
8	76	18
91	49	95
49	70	93
32	74	29
19	96	22
41	86	6
34	77	53
60	81	11
51	41	61
37	43	43
90	35	99
95	32	13
90	27	23
30	69	39
38	5	71
0	90	88
62	75	99
46	7	88
14	5	12
92	78	88
10	45	75
72	27	21
7	90	13
67	91	38
51	5	43
35	21	9
58	74	96
93	79	77
79	48	25
33	25	52
1	19	50
51	47	59
68	27	3
35	61	80
69	16	61
45	51	13
35	98	6
65	62	9
39	79	23
0	27	35
21	29	46
85	40	53
20	99	7
51	94	95
76	93	0
27	12	90
32	29	77
97	52	70
93	83	39
8	77	14
68	44	29
53	36	35
87	59	67
85	70	24
6	71	48
74	46	96
98	38	67
53	37	97
52	76	75
65	81	86
2	3	8
16	18	78
59	33	53
71	40	12
99	67	18
36	15	75
87	90	20
98	33	91
35	22	36
61	77	52
7	80	68
19	29	34
30	57	88
0	43	52
21	9	44
78	22	72
25	86	52
26	52	87
16	18	50
67	31	52
80	23	63
69	65	48
9	56	22
61	23	30
70	82	76
82	79	35
7	5	15
30	13	40
65	73	55
80	18	85
90	60	39
59	48	24
78	67	77
12	36	24
53	88	92
65	54	55
84	69	24
55	78	13
48	70	78
40	64	44
57	36	44
70	19	62
60	15	86
70	13	91
20	37	14
18	13	61
63	2	18
8	83	63
82	29	89
23	46	36
20	3	92
19	64	56
5	64	10
12	87	76
65	65	0
37	85	20
65	2	36
76	42	88
88	27	52
24	61	18
44	62	19
98	54	84
88	79	32
4	39	97
98	21	85
38	49	81
59	52	34
10	16	26
68	91	51
4	41	16
86	67	41
94	65	50
98	79	38
2	73	52
2	75	14
60	29	41
78	22	45
36	80	6
34	56	35
48	85	17
35	27	9
37	50	50
64	18	5
31	17	83
55	90	52
27	21	80
85	30	2
63	87	40
68	69	81
57	1	73
80	39	85
59	21	12
2	73	49
85	61	91
0	96	72
82	25	73
89	67	88
98	99	23
49	2	28
60	54	79
42	54	63
9	34	80
18	7	55
96	53	62
70	45	6
27	57	43
82	59	84
47	11	44
43	38	9
55	1	14
66	86	50
23	39	46
65	26	49
96	5	93
59	50	62
71	5	10
49	9	88
10	11	57
49	76	44
18	92	38
61	41	13
45	73	10
38	50	20
51	2	21
62	74	80
6	29	0
41	72	79
74	36	29
69	55	39
7	42	25
32	67	88
77	78	39
39	58	56
72	81	87
93	84	62
5	16	83
79	25	50
39	57	48
55	25	71
42	27	17
84	37	40
57	21	88
52	97	63
80	51	24
60	58	43
91	89	0
3	14	63
38	4	0
22	97	98
26	34	14
62	75	9
54	69	63
48	66	62
16	50	49
18	77	43
63	27	26
6	64	2
91	64	40
91	89	69
72	84	31
54	78	77
26	26	94
63	76	16
45	89	12
7	47	26
27	34	54
99	62	17
43	84	15
1	38	90
54	97	14
90	58	23
2	70	68
32	61	3
54	76	75
47	78	36
93	75	88
25	37	23
53	74	49
21	88	55
20	66	38
45	56	37
97	78	39
10	47	61
48	0	99
11	26	42
69	6	95
37	78	94
29	96	69
64	92	68
99	34	98
71	56	55
29	79	93
43	99	11
31	6	89
23	57	79
19	75	52
4	37	85
77	68	39
10	70	37
45	64	75
60	86	62
87	42	10
98	22	51
72	48	80
16	23	8
12	85	38
8	73	39
37	40	17
88	39	47
46	65	16
57	61	94
45	99	72
63	73	26
24	20	29
20	95	0
68	52	28
11	66	78
18	13	16
46	9	93
71	17	12
63	74	7
7	7	50
64	75	9
12	12	11
35	53	22
84	29	79
84	59	65
98	35	69
10	49	46
45	42	39
76	81	21
27	34	40
61	57	29
57	44	49
36	42	86
94	32	13
11	91	27
7	28	95
34	54	76
43	76	30
66	3	56
58	43	95
81	11	4
95	65	12
96	57	17
63	27	76
84	41	23
58	2	9
81	75	4
40	49	24
96	15	11
77	32	55
23	30	16
8	81	88
30	29	81
56	93	58
58	5	10
92	18	59
55	84	3
2	44	16
84	87	58
68	89	92
69	38	86
20	37	75
84	40	4
81	75	23
34	22	39
99	18	4
58	34	0
6	82	64
83	9	83
27	89	11
47	25	77
46	64	52
77	95	24
41	40	55
68	41	47
21	17	24
11	69	90
39	98	34
34	65	53
84	31	27
66	10	85
59	48	5
28	58	84
97	4	59
24	28	7
44	41	30
38	73	47
15	46	90
81	76	29
2	66	61
54	49	15
48	24	50
30	75	28
53	52	35
6	15	27
33	57	78
15	41	48
67	49	32
24	35	21
28	57	38
90	2	97
35	67	48
98	71	10
11	65	70
37	68	21
52	78	75
5	84	76
77	23	49
75	3	26
57	36	49
76	32	89
7	38	84
16	46	80
77	19	85
44	44	76
19	21	15
25	69	2
80	47	41
95	6	41
74	59	60
81	0	38
0	51	20
7	36	41
65	41	80
38	11	43
38	8	24
47	23	69
34	27	18
19	87	28
72	99	26
26	10	79
47	79	27
13	83	44
33	62	99
50	57	22
26	2	78
78	40	11
12	26	27
57	28	81
98	19	89
69	50	80
87	45	16
75	55	36
32	78	92
18	32	57
35	48	53
52	6	49
93	93	88
12	7	45
68	68	89
70	5	85
45	46	24
92	73	12
40	80	11
53	13	57
34	58	72
24	78	21
26	1	19
14	82	23
22	96	58
49	74	13
64	98	95
88	51	26
3	40	4
23	28	94
48	29	42
71	41	74
83	25	54
65	4	84
52	0	1
44	58	32
41	27	73
7	80	55
92	78	9
88	89	0
39	11	58
97	23	1
73	16	76
91	10	43
94	67	74
97	2	47
89	41	49
6	12	39
9	62	16
80	28	92
98	87	19
73	3	10
80	5	57
14	82	3
60	59	56
35	22	43
38	22	17
83	82	51
53	18	34
72	46	74
31	71	96
6	73	65
34	28	89
49	77	83
63	6	78
35	43	90
3	29	83
83	65	34
44	84	3
70	88	64
86	44	80
66	50	96
11	32	55
80	41	98
96	54	7
48	99	69
96	72	68
65	29	4
5	10	58
42	92	68
36	88	94
89	8	18
13	8	46
86	3	1
10	48	27
50	54	67
38	60	20
8	69	96
51	96	72
76	41	38
4	80	79
86	72	21
15	55	15
37	92	10
42	73	74
36	73	53
96	50	71
99	3	5
65	11	81
38	54	19
31	15	17
79	3	14
0	8	10
34	27	75
48	73	5
36	38	72
80	14	4
85	40	91
87	20	87
4	37	91
63	78	6
93	5	69
48	42	10
9	45	32
8	56	71
65	81	77
73	13	66
34	73	8
28	47	49
86	36	74
63	85	62
68	84	9
4	43	44
2	85	20
11	19	71
51	24	20
91	82	53
21	7	47
22	90	29
50	34	12
79	88	89
48	77	15
21	45	60
47	12	83
93	29	30
43	75	71
31	5	79
92	6	28
56	52	69
44	57	95
25	32	68
75	58	94
86	43	76
28	95	41
11	99	63
44	56	86
13	7	64
96	14	11
86	69	4
56	53	68
10	60	51
65	55	44
61	86	42
96	79	60
34	88	66
27	9	40
43	53	9
15	33	15
33	22	61
90	85	37
41	7	33
43	66	9
59	43	17
41	92	3
5	39	52
73	14	39
77	59	45
70	92	33
91	37	70
13	87	14
3	71	53
39	18	23
49	71	11
47	94	46
76	0	4
94	92	90
17	14	51
7	70	22
66	68	47
67	34	30
75	52	40
87	45	25
64	65	46
50	18	59
4	86	84
40	47	45
30	63	94
36	81	94
80	37	18
11	2	46
55	11	94
65	78	16
7	33	44
97	52	55
70	90	73
72	34	73
87	21	89
54	57	89
71	30	77
66	84	16
11	90	17
60	63	9
83	43	55
20	96	46
16	61	53
43	30	2
58	84	41
64	13	32
24	26	96
33	74	12
55	3	81
37	11	20
53	33	3
38	16	22
43	47	17
27	23	69
76	18	30
72	64	26
34	0	12
69	51	51
32	53	73
52	29	33
35	79	45
31	39	28
75	41	27
35	49	75
8	29	85
86	25	71
19	62	87
92	65	90
32	74	12
19	78	1
36	39	2
76	31	96
64	77	84
55	72	46
28	29	5
39	44	85
72	45	55
89	13	29
96	58	28
38	85	35
23	79	98
18	6	67
75	19	21
64	16	6
89	56	56
37	25	56
38	57	45
18	70	25
17	5	65
44	50	86
14	70	1
5	2	33
51	94	21
2	29	22
97	55	74
64	58	28
75	90	63
51	95	69
86	83	1
71	58	35
48	94	51
94	63	97
29	88	28
23	67	82
13	25	30
73	96	33
29	22	78
56	8	9
90	27	95
93	41	58
92	10	41
9	3	23
98	20	42
68	4	85
57	53	86
54	88	19
60	67	59
37	5	71
14	3	76
73	27	36
14	0	19
55	45	99
52	52	45
98	28	6
83	38	13
35	36	65
19	42	12
64	38	65
29	30	76
64	82	15
59	26	78
0	24	13
59	1	85
56	40	26
19	47	46
53	95	59
87	39	60
37	36	51
80	63	19
75	44	89
68	52	27
54	37	0
82	49	22
78	10	8
19	24	37
44	94	73
68	23	39
1	50	62
68	54	4
86	16	39
76	68	70
40	99	58
51	54	17
4	56	66
57	11	52
23	68	90
39	44	22
81	21	82
6	26	35
60	80	66
70	80	87
57	73	95
67	96	67
38	60	44
3	48	49
93	93	41
44	73	77
64	66	74
22	86	44
37	48	17
82	26	24
45	73	16
73	34	50
29	70	80
66	44	76
22	9	40
9	85	80
97	99	62
29	63	11
53	53	69
85	13	94
28	14	31
19	84	23
57	77	29
32	31	26
35	7	32
20	1	73
32	72	43
9	8	9
27	75	23
12	26	30
70	8	51
3	35	15
96	22	59
46	93	64
45	7	38
45	22	30
5	11	69
66	16	14
99	18	30
25	6	92
5	4	3
83	60	67
28	35	31
28	48	0
77	30	33
66	37	0
16	63	88
2	51	41
66	64	42
53	35	56
85	98	49
2	75	88
46	58	29
59	74	59
55	40	24
96	41	86
51	65	58
71	22	44
95	79	30
62	30	64
38	24	5
5	9	76
7	36	32
84	30	17
31	49	51
99	36	24
92	36	1
1	98	5
48	55	35
27	54	26
19	28	70
2	31	19
20	61	22
46	97	33
66	37	81
78	21	8
12	84	60
85	48	41
38	62	49
27	38	65
63	91	49
5	85	49
84	17	32
46	21	36
22	38	96
25	87	25
42	79	56
90	80	88
56	42	69
74	26	4
16	98	47
89	47	17
3	44	88
93	65	82
81	10	41
39	73	11
57	66	78
23	98	96
24	19	27
67	94	98
24	87	85
42	47	3
92	52	6
49	45	37
95	79	87
40	64	36
97	1	18
15	7	49
8	65	66
94	95	38
18	53	95
62	53	50
25	50	98
71	34	42
27	47	37
93	27	77
29	46	93
54	4	36
58	68	37
32	59	48
56	90	27
41	72	21
85	50	10
31	38	64
29	73	67
79	7	64
81	8	42
91	83	74
39	1	80
44	56	54
83	17	13
50	81	98
65	53	85
88	80	20
44	84	79
11	62	77
52	29	65
97	39	51
37	20	93
5	59	7
28	2	2
85	66	37
63	68	91
62	21	16
3	91	84
97	52	62
35	77	31
52	97	60
43	29	85
29	40	62
86	25	24
98	96	27
18	53	76
35	79	2
0	87	35
47	8	42
91	54	1
44	31	18
7	25	6
70	34	85
57	5	93
15	79	27
0	34	58
60	67	51
79	86	72
73	54	29
86	5	21
21	86	71
37	8	2
57	64	93
58	21	63
73	28	39
47	56	98
56	30	89
10	47	9
83	3	72
10	35	62
68	18	49
45	24	14
96	63	83
49	37	90
60	37	60
8	22	28
10	48	7
91	20	37
15	42	94
21	35	48
12	80	65
1	10	21
87	1	84
50	37	39
55	11	22
14	13	53
74	98	46
76	39	79
68	11	51
19	78	65
7	18	53
6	92	54
63	8	9
96	38	52
82	26	45
65	82	39
88	15	52
31	32	10
82	83	70
81	11	7
47	65	43
34	81	30
94	5	29
50	94	70
44	67	83
30	37	52
56	99	65
51	36	30
18	45	53
80	95	63
4	42	94
23	45	7
13	43	47
69	67	53
89	66	27
44	57	65
12	4	54
45	28	23
38	96	14
80	87	45
91	59	24
47	54	2
5	57	26
82	88	14
1	64	89
34	50	26
95	97	46
44	88	98
23	9	8
25	67	69
59	91	80
49	70	53
11	43	30
30	96	83
53	87	85
20	73	12
23	15	26
13	36	71
69	7	60
12	38	52
15	5	25
48	88	79
38	31	91
70	33	40
5	23	59
85	92	65
1	50	3
47	53	4
83	40	33
29	13	5
77	17	49
77	32	99
49	39	90
60	54	95
10	22	83
52	0	70
45	49	0
38	96	17
61	0	92
83	44	12
40	17	39
93	33	63
6	41	92
29	78	41
3	38	4
34	40	93
48	92	85
78	9	84
25	40	24
59	47	86
50	52	87
78	35	60
50	98	88
5	35	70
45	30	54
29	86	71
16	37	67
24	33	70
72	82	14
2	11	18
63	77	55
55	41	53
23	74	87
84	37	44
41	71	68
9	30	81
27	2	81
76	95	32
32	95	5
87	55	22
33	88	63
81	33	4
33	22	75
96	9	30
91	54	54
97	29	66
74	40	3
54	95	12
83	54	12
91	95	49
30	41	32
5	24	23
83	59	65
77	79	81
22	92	82
77	17	31
23	75	9
28	73	71
8	22	72
28	2	42
41	8	78
8	53	63
25	57	77
66	47	77
2	29	66
22	10	36
29	42	78
94	3	93
45	15	59
17	4	1
62	20	62
77	10	58
11	20	80
21	7	73
17	60	94
56	58	66
67	11	11
11	78	43
15	41	12
42	74	30
32	40	74
25	83	66
56	89	87
98	47	17
54	29	58
66	86	55
90	70	66
59	77	37
49	39	24
87	18	84
79	4	17
30	98	57
4	57	8
28	66	53
20	22	2
95	78	41
75	13	15
6	98	14
36	27	66
25	34	27
17	68	35
54	86	96
5	70	3
22	34	39
77	65	32
55	33	72
22	85	34
51	49	4
98	2	80
73	61	86
94	80	32
28	33	25
53	40	54
61	84	5
40	86	48
96	25	66
35	40	59
21	3	9
38	68	54
73	53	16
90	12	46
25	4	62
19	76	9
22	13	13
38	58	14
39	95	92
68	68	96
27	72	16
39	31	53
72	69	50
11	48	36
65	33	14
89	71	61
53	67	46
42	35	99
6	83	85
5	53	2
80	55	49
74	40	73
67	19	30
48	64	95
32	82	35
9	4	75
66	15	10
77	64	81
80	1	14
79	55	66
96	44	47
61	43	84
60	85	30
34	32	98
22	98	18
55	31	31
24	95	35
27	13	33
2	3	3
96	28	26
43	45	41
3	63	48
98	34	48
43	63	0
80	21	15
94	25	75
43	6	39
61	81	1
35	43	29
11	79	46
2	91	8
8	82	98
29	58	90
31	83	24
66	41	90
27	28	40
6	57	75
35	63	38
47	80	63
55	66	17
13	66	83
65	58	20
98	28	55
87	50	67
54	66	13
71	43	44
34	50	18
93	36	95
67	41	43
75	59	85
34	24	41
8	5	6
73	45	90
80	38	30
83	4	56
32	43	47
54	15	98
92	19	88
80	38	16
43	69	39
65	86	91
9	56	41
74	22	94
56	4	93
86	91	43
14	95	99
39	4	69
65	77	98
4	66	87
73	75	33
25	18	18
87	21	38
38	83	35
51	68	98
78	28	2
50	17	24
29	9	10
34	90	24
93	10	27
27	32	56
3	24	29
94	79	65
65	82	64
59	67	80
6	50	45
9	85	18
70	4	11
51	53	54
84	47	42
12	12	54
24	23	62
43	73	25
30	11	6
58	72	80
68	67	39
36	51	54
8	70	37
81	21	8
5	67	95
52	54	65
70	73	25
8	67	53
78	2	6
35	50	88
36	80	93
60	68	12
71	63	1
89	53	79
94	62	62
50	42	45
82	86	8
76	5	34
8	84	46
63	66	2
21	20	21
47	31	95
71	38	48
16	28	46
27	33	63
95	5	4
67	57	57
76	29	80
53	91	60
59	37	21
33	92	22
55	8	84
89	56	6
29	50	78
81	30	14
71	88	16
67	86	88
55	61	71
92	43	88
2	10	50
21	98	21
80	27	56
68	31	37
40	69	49
97	92	68
44	12	24
68	42	91
21	79	58
74	13	39
6	53	13
76	71	18
26	55	35
85	71	97
77	57	6
68	83	33
41	80	95
42	99	55
30	21	26
30	68	15
80	2	67
12	7	93
1	40	43
81	95	71
27	43	23
35	82	81
24	64	37
69	85	13
26	22	57
68	18	93
65	25	40
45	42	56
91	19	0
70	25	82
60	1	5
85	89	53
0	95	6
70	92	62
85	78	57
4	45	81
67	63	58
17	82	15
96	6	36
61	98	22
91	63	71
75	96	87
81	30	8
11	94	68
92	29	71
13	76	12
28	38	44
15	9	62
11	25	74
84	73	8
26	85	53
25	59	85
3	73	63
77	24	85
79	90	26
22	2	26
14	28	28
30	4	17
35	45	91
7	79	17
9	67	8
67	68	16
18	34	74
71	58	77
80	59	91
48	4	18
50	58	29
92	3	55
80	43	88
15	10	53
60	34	39
71	84	66
72	89	42
73	37	74
82	46	99
26	30	97
99	50	88
11	37	13
84	4	87
98	4	38
7	8	35
48	96	75
94	29	75
66	72	26
49	92	55
9	44	95
26	41	12
14	85	5
12	61	18
6	62	44
47	15	65
88	30	43
15	25	50
93	77	57
69	31	17
85	34	52
26	29	20
16	71	90
40	12	41
94	71	25
22	14	82
89	0	50
35	39	81
52	3	41
64	54	56
41	62	79
96	79	69
39	26	40
51	62	20
45	84	70
46	1	41
92	13	23
5	20	19
15	35	55
40	81	58
17	0	73
85	66	69
77	84	70
42	66	17
1	92	18
58	94	21
88	79	14
16	45	45
34	21	62
39	64	49
41	70	66
60	62	81
55	82	82
93	36	47
96	10	86
57	17	64
78	61	6
70	86	42
69	58	63
16	41	75
36	5	74
84	2	66
14	33	8
85	6	94
32	77	83
58	13	67
44	42	20
65	23	56
84	55	82
23	98	32
54	19	47
57	5	5
61	92	89
62	60	25
81	64	64
10	9	71
16	2	95
49	19	24
38	42	19
18	12	1
65	27	81
25	63	24
31	68	65
76	69	83
61	68	3
98	81	79
17	79	67
61	7	18
58	83	45
11	32	57
5	29	20
90	69	73
71	82	7
60	40	98
90	96	9
49	29	11
38	79	18
29	95	91
38	92	76
90	79	23
34	88	84
24	46	76
96	54	60
31	57	31
99	24	77
56	21	91
97	69	26
57	67	90
68	72	86
48	2	4
1	19	29
65	65	37
65	46	78
1	58	19
8	27	17
70	97	16
75	70	19
16	67	26
47	79	55
57	50	61
61	60	72
52	25	95
88	91	86
18	27	89
10	57	9
83	20	71
48	32	49
44	43	33
32	72	30
4	43	47
97	37	16
22	97	91
62	30	75
50	69	3
12	67	17
1	93	45
75	45	79
60	51	0
28	82	28
18	11	44
48	61	26
55	61	30
71	59	77
30	82	72
57	63	18
1	38	10
85	22	69
6	60	23
51	79	41
97	59	74
36	29	79
61	10	81
45	19	57
36	91	27
10	71	24
6	46	14
34	67	31
60	75	67
57	88	33
44	96	38
56	19	30
51	95	47
16	90	63
48	6	87
56	36	32
62	56	41
48	47	60
6	71	18
66	55	45
22	20	73
96	26	25
65	73	31
26	97	23
37	98	92
51	47	54
9	96	20
25	25	73
61	23	23
26	97	57
37	57	31
52	97	44
77	54	3
5	7	89
83	65	11
36	7	82
54	45	58
10	83	26
5	62	31
63	53	37
21	67	13
89	97	64
9	23	12
18	89	66
12	90	13
68	49	35
52	96	58
87	35	48
33	81	39
27	22	65
7	83	2
34	45	90
79	70	39
82	81	69
56	89	89
42	48	38
91	57	72
87	98	34
86	98	72
94	8	6
12	41	53
96	24	60
95	35	90
16	89	62
99	81	0
81	44	30
35	18	98
45	41	1
21	60	1
47	37	37
78	22	83
40	12	31
51	84	30
64	72	10
35	32	30
9	80	39
80	89	17
45	96	37
77	26	9
96	29	2
55	51	94
57	0	9
59	83	3
57	94	84
38	0	75
52	6	53
60	47	56
44	91	74
35	96	3
69	43	39
0	43	65
11	5	27
59	82	10
90	27	15
15	47	46
42	47	43
19	7	67
64	17	17
57	91	70
48	71	86
13	23	73
85	29	7
43	70	73
41	8	74
10	24	23
7	21	88
45	5	40
34	51	62
53	73	1
65	87	9
56	81	80
25	10	50
89	16	94
0	7	10
36	37	81
2	84	15
23	49	85
49	87	17
39	25	77
33	24	96
32	57	24
68	15	55
8	36	86
81	6	45
55	59	7
54	88	44
16	30	70
28	23	48
23	45	6
54	23	30
4	59	68
27	72	26
95	72	1
97	46	48
65	51	98
71	69	66
26	92	61
83	93	39
1	67	56
16	21	16
74	21	89
61	33	7
0	90	95
49	79	37
76	15	16
49	68	0
36	33	89
8	84	9
37	13	18
86	9	6
97	54	41
33	3	18
43	41	30
87	21	76
55	84	12
33	31	69
75	9	14
83	63	80
41	13	98
66	61	46
63	29	56
69	0	44
27	0	88
43	83	19
81	36	59
66	8	62
17	65	96
81	1	25
87	17	61
93	70	86
10	66	37
60	97	0
40	12	70
30	19	3
98	44	21
27	38	42
45	27	43
93	22	86
40	34	46
43	20	5
54	33	59
95	91	11
68	37	43
32	90	42
64	53	6
74	21	39
64	9	48
6	71	81
3	80	39
55	20	56
35	52	25
34	89	21
41	40	57
32	23	49
56	59	49
84	89	87
43	27	31
35	20	3
1	91	15
45	57	64
87	57	93
26	94	87
64	35	9
17	67	64
71	13	14
38	66	75
16	84	37
6	90	75
79	21	15
0	12	94
8	80	94
55	20	36
53	18	43
69	65	69
62	3	50
72	4	2
56	98	49
8	39	28
80	66	42
47	31	76
41	98	98
64	96	7
82	59	56
1	98	97
97	82	6
23	11	62
19	31	35
89	4	10
75	14	32
39	34	78
93	10	71
85	63	82
78	11	55
93	8	24
81	72	97
41	67	7
54	47	10
26	27	9
58	97	84
57	73	72
87	58	59
52	68	48
83	9	49
77	58	71
46	75	20
61	22	56
45	12	85
54	20	34
12	80	55
99	89	41
15	9	45
4	41	9
99	86	92
53	40	3
32	54	23
37	58	0
41	68	81
12	22	86
70	84	49
34	92	88
35	57	40
82	21	99
24	91	94
40	79	85
44	50	70
91	18	77
80	57	57
90	81	46
27	4	81
23	87	13
2	98	33
68	76	4
92	45	49
71	96	93
20	4	3
57	7	31
19	38	2
6	2	4
88	53	42
60	58	72
61	84	19
71	60	78
53	98	1
14	62	47
84	9	71
76	37	96
55	20	70
53	38	47
7	18	55
50	77	63
33	29	8
15	24	1
47	38	35
33	31	28
49	61	64
16	79	16
61	68	84
71	94	18
67	55	80
60	67	69
37	89	75
75	46	83
46	18	45
62	81	14
88	3	90
73	89	53
68	27	31
76	83	19
7	75	54
7	89	24
95	81	6
90	1	4
46	20	94
11	56	78
48	30	84
33	83	50
33	37	94
42	38	11
22	43	52
91	35	23
10	8	14
36	12	15
98	41	25
27	76	10
40	75	3
12	59	67
75	64	55
12	39	90
60	73	41
68	6	87
23	54	9
47	73	25
29	89	65
36	31	0
6	96	34
88	97	47
93	94	65
79	69	96
92	85	99
12	49	89
14	39	51
18	35	29
30	73	14
53	14	84
49	54	17
74	16	84
71	83	84
64	31	66
89	55	15
88	18	74
67	47	27
14	31	81
88	16	87
82	77	54
44	57	40
22	59	66
51	28	5
87	50	83
77	47	12
95	70	97
10	69	71
30	51	63
18	0	40
9	38	6
97	62	30
14	82	1
39	14	54
53	80	21
74	31	13
88	94	89
33	98	60
40	72	69
36	12	46
65	75	26
34	1	52
79	80	14
47	21	22
55	76	44
76	91	6
68	52	12
66	64	51
31	75	83
97	29	82
3	90	77
30	97	91
95	70	9
8	2	49
5	39	33
89	61	93
60	86	41
38	79	86
71	55	25
71	85	7
75	70	7
24	43	16
83	83	26
89	56	58
36	79	94
63	10	18
90	83	3
80	98	84
52	46	62
88	77	22
53	22	84
91	89	93
81	44	17
82	40	81
54	68	74
73	53	27
45	92	84
68	14	62
85	58	83
5	53	88
86	4	93
82	56	15
8	42	79
97	64	15
71	94	87
35	25	62
65	55	71
57	66	8
75	80	15
75	27	19
55	96	7
20	41	85
56	96	46
48	11	19
99	72	56
6	3	16
4	95	50
17	50	12
93	51	39
93	51	75
15	1	65
71	82	66
34	9	33
70	18	88
59	60	47
65	0	3
65	21	28
25	97	74
63	67	25
84	12	52
99	34	10
70	46	14
99	53	53
13	65	52
39	14	25
69	91	6
83	42	23
13	88	13
49	68	59
53	4	38
77	44	73
44	54	47
77	89	12
31	74	72
17	92	20
6	51	96
37	61	20
15	61	3
26	96	90
61	54	96
0	52	12
98	93	85
59	35	94
96	7	89
81	58	1
28	66	76
99	22	74
88	98	4
96	41	36
41	36	93
54	60	56
85	67	41
4	13	0
37	21	34
30	22	77
35	60	28
68	9	75
46	37	64
82	58	72
8	30	38
44	9	29
80	96	12
86	54	46
58	26	96
27	67	41
68	96	88
96	59	79
55	94	12
62	3	48
18	11	61
77	95	77
13	30	22
75	47	47
66	78	96
12	46	81
71	99	8
10	31	47
90	61	7
31	73	87
47	74	3
50	10	41
60	84	94
78	38	75
24	0	63
66	18	75
61	67	11
90	22	89
68	51	93
91	17	81
13	70	93
59	71	52
89	76	21
9	57	86
41	11	53
25	8	66
82	57	60
19	92	12
74	86	94
52	52	87
76	28	41
77	57	27
95	60	41
93	49	8
21	56	89
32	40	55
42	56	93
30	91	68
67	56	93
16	15	79
71	24	13
40	15	98
74	42	48
13	29	74
55	5	60
40	68	42
97	12	67
4	68	86
88	17	97
21	25	92
22	57	88
93	23	59
23	29	63
31	56	46
16	54	97
66	38	15
65	51	87
27	95	38
51	3	54
40	31	1
53	74	74
28	90	40
53	46	21
74	97	69
2	42	29
99	55	67
96	75	47
83	94	10
36	83	13
91	67	68
5	56	39
24	28	25
12	36	17
90	71	53
96	64	33
74	86	7
77	32	3
71	38	16
34	77	35
7	25	21
4	59	19
91	31	63
96	97	35
72	47	31
20	93	87
41	98	37
30	26	30
73	33	82
47	8	18
94	97	4
40	75	31
48	51	68
32	56	2
53	28	66
21	72	77
39	61	72
16	58	81
59	10	84
96	0	74
87	67	60
43	50	60
6	81	80
62	53	68
13	62	28
57	49	75
80	54	95
56	29	30
47	67	30
94	8	13
91	69	46
76	23	38
84	27	43
13	8	76
90	61	34
32	23	22
55	94	56
20	45	2
74	29	97
87	26	60
40	45	38
54	47	59
86	67	8
46	43	50
86	93	46
36	5	93
80	53	79
43	0	75
31	86	96
36	83	53
75	70	92
42	59	18
51	98	71
91	86	97
32	82	62
93	8	4
57	53	44
68	25	25
89	80	95
54	89	44
51	14	55
49	9	25
57	60	41
42	90	90
15	64	73
25	27	19
36	33	85
90	59	32
20	46	97
1	97	80
57	22	70
89	68	15
97	3	57
81	55	77
77	61	18
73	59	46
30	22	3
76	90	71
12	16	36
1	2	21
16	12	28
28	19	84
33	65	2
32	6	67
24	66	69
92	54	4
40	22	81
43	74	90
99	36	51
45	18	44
95	57	54
6	7	46
57	77	33
33	31	37
8	21	59
51	91	13
59	47	80
5	10	92
9	89	84
13	0	17
86	32	54
19	41	33
2	95	27
51	69	46
36	21	31
62	72	77
64	23	23
68	30	34
53	8	37
34	93	47
79	48	44
65	76	28
45	59	4
31	99	97
12	48	85
65	96	36
9	79	86
13	75	28
72	93	66
43	33	60
56	56	90
81	66	29
16	58	18
58	33	53
94	21	25
65	66	85
68	24	38
28	23	22
36	21	27
12	39	84
56	10	37
62	17	5
79	23	70
34	86	28
79	8	1
73	34	2
55	80	46
63	74	9
55	35	58
80	95	56
69	30	74
68	13	68
37	45	71
24	27	18
63	85	13
51	90	58
58	93	16
47	66	42
3	83	87
97	43	40
67	97	20
53	85	22
84	64	47
50	15	81
48	91	16
42	50	82
11	79	77
52	35	73
86	76	43
5	54	26
45	81	91
23	26	18
77	55	77
7	1	23
13	41	7
85	75	30
72	27	14
72	24	44
99	75	20
27	49	28
14	8	51
10	30	34
91	95	74
45	77	79
96	28	52
21	1	78
94	29	56
77	23	49
4	68	74
37	50	14
91	80	76
38	98	63
62	43	83
30	94	99
84	39	4
3	73	58
52	65	52
10	53	36
24	93	65
17	93	31
96	27	23
82	38	38
49	46	50
70	16	54
87	34	10
67	41	45
96	2	82
21	46	12
28	45	92
52	37	86
24	41	42
67	68	52
75	83	7
90	3	13
57	82	38
15	60	61
94	8	21
53	95	31
11	36	96
75	16	83
5	2	40
9	74	36
13	18	51
83	32	19
3	78	2
67	6	81
50	99	41
51	27	99
62	35	9
22	90	21
17	67	74
95	32	5
29	98	66
99	61	82
59	59	81
41	71	79
4	3	57
84	64	8
90	20	24
32	30	35
99	72	3
28	1	80
92	9	20
56	10	13
44	11	39
35	71	20
89	95	84
47	24	96
74	42	97
3	78	91
26	36	76
46	73	26
75	0	43
68	31	15
16	57	46
93	80	78
43	28	98
37	70	89
60	34	68
8	34	46
8	63	22
80	8	56
94	12	40
18	23	40
91	29	77
49	12	47
59	53	11
60	15	87
12	53	40
96	40	68
48	57	14
41	34	50
95	59	55
87	34	67
21	38	32
16	32	95
77	13	36
84	71	91
20	96	25
77	2	48
51	85	90
6	52	45
98	30	55
33	78	72
23	43	39
67	20	88
4	24	0
3	3	69
86	29	93
81	96	53
28	2	35
92	10	55
79	95	46
5	55	37
18	91	99
28	63	18
16	30	27
72	4	42
40	73	92
35	36	47
94	45	38
21	88	87
78	56	83
47	43	94
78	24	59
7	73	36
39	6	30
58	4	82
72	41	10
81	86	61
19	7	8
44	31	2
88	4	96
89	60	25
38	70	77
51	45	26
65	10	68
46	63	26
70	32	14
96	82	54
75	45	84
3	61	14
7	64	21
7	24	56
2	81	96
3	84	9
79	76	67
80	89	94
54	53	42
3	61	82
17	91	5
3	43	34
42	13	39
19	22	1
96	99	8
87	19	40
45	97	85
22	29	68
86	44	51
90	48	57
14	60	73
76	64	45
25	12	5
23	10	56
47	52	34
83	91	92
63	52	97
22	59	95
80	38	73
28	81	90
3	45	89
37	28	37
38	55	44
26	58	43
30	1	76
29	85	83
72	78	15
9	43	62
42	14	22
14	95	52
61	5	46
7	31	79
61	90	83
23	56	27
66	71	4
63	22	26
0	18	10
25	49	62
0	2	88
56	96	14
21	22	92
79	2	53
71	39	68
13	49	79
22	91	37
6	11	81
33	45	25
38	73	89
18	17	62
10	44	79
40	55	69
54	83	51
22	84	50
9	37	33
61	10	34
31	8	36
8	63	41
38	19	76
34	63	32
25	81	75
65	10	62
20	54	44
12	10	9
63	31	14
89	65	44
10	73	93
33	60	52
47	26	69
79	62	95
22	30	82
95	32	15
91	61	18
51	51	71
32	86	46
72	2	71
54	0	23
44	23	67
64	73	96
33	72	90
76	59	80
39	32	66
28	34	29
82	73	52
30	82	45
97	34	42
0	4	20
63	61	32
40	8	29
89	23	51
58	95	63
80	35	9
78	99	57
72	68	17
2	84	58
22	19	84
39	55	88
28	84	16
12	32	19
71	40	63
14	4	37
5	54	41
38	51	6
80	49	35
31	90	95
86	34	49
31	42	33
92	45	25
83	54	66
61	4	28
88	7	57
92	43	45
38	43	20
67	88	44
90	90	4
35	79	32
10	98	69
80	59	84
57	79	95
93	13	21
76	9	39
30	72	55
57	80	97
99	62	30
0	69	78
96	11	88
8	65	24
26	74	86
3	59	22
96	90	57
88	77	44
51	50	16
26	6	49
80	45	6
61	8	38
68	25	9
35	57	82
37	72	42
89	70	91
1	82	57
0	5	79
22	20	41
38	53	21
9	51	46
51	13	70
17	34	18
96	33	40
23	82	25
73	17	48
47	79	99
37	59	67
92	95	97
6	37	46
5	9	53
64	59	57
78	87	2
60	21	40
30	85	54
73	39	52
57	95	56
75	72	82
54	62	0
71	33	50
59	62	64
73	11	47
57	23	23
16	5	11
90	76	13
95	52	14
6	21	33
87	91	91
13	57	70
32	53	28
98	40	72
40	38	5
7	90	13
99	3	35
4	50	76
30	65	97
76	52	4
30	11	37
83	56	13
30	85	90
69	65	20
70	12	70
95	15	87
91	66	93
33	9	95
63	39	84
89	41	9
82	71	67
73	92	34
54	4	82
39	73	30
64	62	73
55	85	29
34	32	22
86	6	1
65	75	87
80	42	0
21	96	69
85	48	73
90	34	86
66	58	91
22	91	90
31	71	69
43	57	0
31	36	52
55	85	95
16	61	38
2	1	60
73	68	93
48	86	98
5	13	3
52	68	98
29	19	91
6	32	26
81	2	7
78	28	94
75	87	11
75	19	91
64	47	92
86	87	33
91	52	87
22	13	65
83	12	51
40	99	54
17	12	13
27	79	7
55	28	91
13	7	73
15	94	70
51	3	30
49	65	56
76	65	58
77	84	67
9	24	37
29	96	51
30	36	66
87	35	82
13	12	45
40	4	57
84	95	32
85	88	29
1	77	1
72	74	64
65	86	10
53	56	12
44	94	81
86	28	70
52	96	26
53	8	48
36	11	31
42	34	69
53	38	78
38	70	40
46	97	52
50	56	65
59	98	13
68	80	54
60	82	3
32	11	50
8	96	52
64	70	94
54	18	43
43	64	53
70	2	21
85	93	75
25	62	20
20	89	38
50	5	58
77	24	45
73	95	99
10	20	52
99	59	69
1	58	41
19	69	33
8	10	8
85	79	55
57	49	81
90	76	76
46	63	20
43	23	9
28	25	66
11	25	73
4	65	18
0	28	25
35	34	16
52	6	94
59	98	15
2	58	11
69	86	70
39	38	32
19	91	56
99	53	71
16	29	2
81	15	64
67	61	72
40	82	13
72	31	7
93	43	2
25	97	31
14	93	30
48	58	58
90	67	17
89	81	84
74	3	53
76	58	99
60	8	82
29	43	44
94	68	26
70	6	49
92	18	8
32	32	33
91	0	35
69	94	49
71	94	33
65	37	0
8	57	6
25	91	27
72	51	26
8	26	3
69	62	17
74	76	89
36	13	87
99	48	77
70	33	89
66	38	0
49	92	16
8	33	69
27	7	18
28	81	52
94	14	12
31	81	76
98	3	76
84	20	68
88	32	15
27	91	76
50	86	18
26	92	15
97	52	85
63	28	22
36	38	84
78	53	55
41	60	47
5	53	90
75	57	24
57	80	28
26	76	4
81	52	7
69	31	0
76	96	52
94	26	1
79	66	70
84	70	33
73	22	36
16	80	47
45	15	12
50	17	39
94	49	75
8	98	35
46	61	98
38	51	20
20	39	76
20	73	66
61	15	64
10	21	67
35	96	50
36	73	63
87	7	84
75	82	62
10	9	1
51	93	70
87	29	74
48	46	78
56	99	16
84	51	10
56	90	28
65	87	77
80	82	12
77	82	53
68	51	85
80	15	14
75	57	53
0	48	41
26	15	89
98	94	85
84	14	12
57	71	77
63	93	91
72	69	75
55	44	29
0	4	22
23	92	4
21	8	53
35	89	34
63	15	21
27	87	33
54	87	62
88	74	92
63	36	0
13	15	28
90	41	93
84	35	69
33	3	83
80	16	28
43	13	74
61	59	28
34	1	11
89	57	47
2	59	84
63	54	46
21	73	97
16	43	53
24	92	53
24	88	94
55	78	86
95	92	21
59	76	86
12	43	42
15	62	50
14	53	88
80	40	81
75	37	39
55	76	33
2	30	27
77	89	90
79	94	52
52	36	57
5	15	33
47	33	26
97	54	40
52	97	33
20	16	18
47	59	3
48	96	59
84	46	18
99	98	94
45	21	89
5	94	19
66	24	79
66	88	72
70	12	18
12	75	11
33	6	11
50	89	44
33	81	88
58	1	37
87	32	16
49	50	33
11	47	62
47	26	79
38	11	10
44	76	37
96	91	42
3	14	84
2	28	21
57	93	78
51	9	30
31	28	33
44	54	96
22	25	40
49	53	73
63	16	76
2	53	47
93	88	34
74	36	92
64	81	61
60	15	21
1	16	56
34	58	97
53	15	83
93	6	44
90	17	61
77	51	63
75	45	70
25	20	35
96	18	97
63	90	85
39	7	74
81	67	35
40	96	66
2	66	10
73	3	63
96	61	0
12	99	86
1	16	54
1	14	52
23	91	87
82	50	79
83	60	0
60	93	47
15	53	47
48	20	37
6	66	85
50	62	95
38	1	90
43	10	67
30	9	65
46	63	20
25	8	12
27	28	40
53	79	90
86	27	87
99	85	0
85	12	10
94	7	2
36	85	44
44	70	42
60	79	34
6	6	14
50	74	86
7	98	65
37	31	39
99	59	93
77	29	16
61	28	61
91	50	17
31	72	18
33	69	64
56	83	58
46	61	67
39	37	98
52	18	3
77	11	1
16	56	41
4	16	44
4	59	50
87	17	80
90	7	75
69	91	30
88	47	18
21	65	64
55	95	78
90	73	22
49	7	16
25	32	78
55	96	53
79	44	72
54	79	88
67	58	59
63	21	76
54	88	84
98	18	48
86	44	10
61	2	42
13	38	4
13	7	65
92	22	15
5	17	16
23	49	83
80	67	40
76	68	41
6	62	42
86	89	10
73	79	74
82	80	57
51	20	1
53	86	29
4	94	84
42	67	54
46	58	17
20	56	52
59	79	26
75	96	92
92	67	54
66	88	0
20	82	87
44	3	37
5	14	40
33	27	38
47	12	29
80	43	51
23	62	63
58	54	64
9	0	51
85	19	2
44	44	63
72	40	51
65	58	75
59	15	63
94	50	71
15	37	35
78	11	31
61	49	29
54	25	93
32	84	23
38	53	88
37	17	2
43	71	74
65	30	70
24	48	9
6	78	37
94	30	28
33	8	62
85	54	41
45	98	43
7	90	23
85	4	1
97	80	25
40	1	86
65	28	59
67	70	49
38	6	63
73	55	87
0	56	0
46	41	45
21	13	3
88	72	69
78	39	23
55	84	37
93	34	19
33	50	66
68	44	6
20	78	77
49	14	19
24	32	27
58	44	58
27	31	80
91	9	61
33	40	11
85	16	33
30	24	8
44	46	70
99	10	13
74	37	9
96	20	18
52	1	84
98	28	76
94	34	57
80	10	49
99	82	10
70	66	44
98	66	47
92	92	39
95	91	99
95	44	13
38	24	44
64	99	37
24	56	26
10	79	88
67	14	16
8	83	32
19	72	79
56	28	53
32	5	49
68	30	36
37	18	14
14	48	37
38	64	98
10	48	32
83	33	97
96	43	12
96	8	50
10	26	75
81	96	85
97	46	7
38	39	33
29	50	86
4	52	37
47	82	7
10	54	81
43	1	27
82	54	55
93	45	87
54	69	48
24	32	97
54	54	1
24	70	43
52	21	65
94	91	4
14	39	6
7	18	86
71	10	30
54	73	0
82	47	85
15	61	59
74	88	56
61	78	19
38	77	83
15	34	86
25	48	65
20	96	6
46	27	85
60	30	69
8	37	30
74	26	22
52	96	87
21	78	79
84	32	10
81	72	99
6	9	19
17	4	20
43	8	47
2	73	15
37	5	58
49	56	65
87	53	35
5	72	10
73	36	5
6	21	83
92	24	14
18	42	90
31	74	87
67	41	71
17	11	29
55	27	46
50	38	32
3	87	31
99	64	70
92	9	97
78	17	95
68	61	43
24	83	68
81	56	37
32	27	46
0	67	80
27	2	32
7	82	51
61	83	46
58	16	36
30	33	33
63	42	85
21	0	99
10	56	81
34	53	41
13	18	57
88	81	74
90	54	11
81	59	18
46	8	20
39	18	22
94	89	13
59	3	34
71	45	50
57	12	52
16	14	90
72	71	86
65	69	58
9	67	71
34	20	4
47	36	77
25	46	78
54	40	35
29	15	14
81	47	78
25	64	82
71	45	30
12	43	43
7	34	86
70	27	72
63	20	88
22	88	97
63	87	19
8	76	29
15	56	96
81	55	62
73	16	77
21	52	92
92	10	3
65	97	96
87	72	43
66	40	30
41	75	41
69	53	61
19	46	57
31	4	96
16	31	2
42	9	65
67	54	91
69	1	89
12	41	37
11	34	26
41	39	31
88	85	12
8	82	42
53	95	21
98	77	47
10	94	34
7	39	79
3	70	21
58	59	76
11	32	4
52	52	98
23	58	4
38	60	62
38	84	98
98	82	14
51	70	97
92	67	9
99	33	76
8	37	10
8	26	18
20	71	76
77	95	41
25	18	90
59	91	81
37	29	95
73	0	8
96	62	41
74	4	38
12	76	78
24	7	99
67	62	37
86	28	15
30	51	57
2	49	32
89	76	16
38	91	59
87	45	13
21	64	92
90	5	92
96	11	87
39	0	15
99	92	0
38	93	30
98	11	26
30	25	13
85	49	61
70	80	91
32	55	96
16	13	64
55	19	5
25	91	85
41	34	8
93	12	29
49	28	16
46	47	68
91	42	68
48	98	11
93	11	36
98	15	80
32	56	96
36	51	69
75	38	22
11	75	70
43	28	46
38	78	19
34	56	38
78	82	92
74	11	41
68	26	87
79	2	60
87	69	11
93	53	17
97	23	76
73	82	45
89	68	93
80	78	5
96	31	88
45	92	67
15	91	4
95	39	17
49	5	29
41	48	40
16	23	95
79	47	59
10	94	95
47	16	65
67	6	54
76	33	51
30	69	2
26	47	74
22	48	24
98	77	22
21	9	33
28	36	9
35	77	88
21	70	95
89	20	66
42	52	10
7	47	60
0	25	7
97	71	67
21	57	45
52	4	9
43	76	86
50	16	43
10	5	31
4	9	96
65	32	35
56	1	90
95	36	26
7	83	38
6	99	59
97	0	54
22	70	21
38	37	94
31	44	20
59	80	76
18	18	88
87	67	77
76	94	70
90	45	78
47	95	11
10	53	29
98	0	24
24	8	94
79	19	4
78	51	9
81	93	98
73	60	3
88	35	71
43	18	5
13	0	58
69	78	29
72	74	54
73	13	81
88	43	2
31	21	69
82	46	11
92	34	16
54	35	87
3	75	49